image_path,solution_pixels,line_width
/home/nvidia/users/ella/solve_a_maze_image/solve_a_maze_image/maze_data/maze_data_20260417_212507_736990/maze_043_size_31x31_seed_723993357/maze_31_31_723993357_DFS_final_step0001.png,[],2
/home/nvidia/users/ella/solve_a_maze_image/solve_a_maze_image/maze_data/maze_data_20260417_212507_736990/maze_043_size_31x31_seed_723993357/maze_31_31_723993357_DFS_final_step0002.png,"[[3.5,86.5],[12.0,86.5]]",2
/home/nvidia/users/ella/solve_a_maze_image/solve_a_maze_image/maze_data/maze_data_20260417_212507_736990/maze_043_size_31x31_seed_723993357/maze_31_31_723993357_DFS_final_step0003.png,"[[3.5,86.5],[12.0,86.5],[12.0,94.5]]",2
/home/nvidia/users/ella/solve_a_maze_image/solve_a_maze_image/maze_data/maze_data_20260417_212507_736990/maze_043_size_31x31_seed_723993357/maze_31_31_723993357_DFS_final_step0004.png,"[[3.5,86.5],[12.0,86.5],[12.0,94.5],[20.5,94.5]]",2
/home/nvidia/users/ella/solve_a_maze_image/solve_a_maze_image/maze_data/maze_data_20260417_212507_736990/maze_043_size_31x31_seed_723993357/maze_31_31_723993357_DFS_final_step0005.png,"[[3.5,86.5],[12.0,86.5],[12.0,94.5],[20.5,94.5],[28.5,94.5]]",2
/home/nvidia/users/ella/solve_a_maze_image/solve_a_maze_image/maze_data/maze_data_20260417_212507_736990/maze_043_size_31x31_seed_723993357/maze_31_31_723993357_DFS_final_step0006.png,"[[3.5,86.5],[12.0,86.5],[12.0,94.5],[20.5,94.5],[28.5,94.5],[36.5,94.5]]",2
/home/nvidia/users/ella/solve_a_maze_image/solve_a_maze_image/maze_data/maze_data_20260417_212507_736990/maze_043_size_31x31_seed_723993357/maze_31_31_723993357_DFS_final_step0007.png,"[[3.5,86.5],[12.0,86.5],[12.0,94.5],[20.5,94.5],[28.5,94.5],[36.5,94.5],[45.0,94.5]]",2
/home/nvidia/users/ella/solve_a_maze_image/solve_a_maze_image/maze_data/maze_data_20260417_212507_736990/maze_043_size_31x31_seed_723993357/maze_31_31_723993357_DFS_final_step0008.png,"[[3.5,86.5],[12.0,86.5],[12.0,94.5],[20.5,94.5],[28.5,94.5],[36.5,94.5],[45.0,94.5],[45.0,102.5]]",2
/home/nvidia/users/ella/solve_a_maze_image/solve_a_maze_image/maze_data/maze_data_20260417_212507_736990/maze_043_size_31x31_seed_723993357/maze_31_31_723993357_DFS_final_step0009.png,"[[3.5,86.5],[12.0,86.5],[12.0,94.5],[20.5,94.5],[28.5,94.5],[36.5,94.5],[45.0,94.5],[45.0,102.5],[45.0,111.0]]",2
/home/nvidia/users/ella/solve_a_maze_image/solve_a_maze_image/maze_data/maze_data_20260417_212507_736990/maze_043_size_31x31_seed_723993357/maze_31_31_723993357_DFS_final_step0010.png,"[[3.5,86.5],[12.0,86.5],[12.0,94.5],[20.5,94.5],[28.5,94.5],[36.5,94.5],[45.0,94.5],[45.0,102.5],[45.0,111.0],[36.5,111.0]]",2
/home/nvidia/users/ella/solve_a_maze_image/solve_a_maze_image/maze_data/maze_data_20260417_212507_736990/maze_043_size_31x31_seed_723993357/maze_31_31_723993357_DFS_final_step0011.png,"[[3.5,86.5],[12.0,86.5],[12.0,94.5],[20.5,94.5],[28.5,94.5],[36.5,94.5],[45.0,94.5],[45.0,102.5],[45.0,111.0],[36.5,111.0],[28.5,111.0]]",2
/home/nvidia/users/ella/solve_a_maze_image/solve_a_maze_image/maze_data/maze_data_20260417_212507_736990/maze_043_size_31x31_seed_723993357/maze_31_31_723993357_DFS_final_step0012.png,"[[3.5,86.5],[12.0,86.5],[12.0,94.5],[20.5,94.5],[28.5,94.5],[36.5,94.5],[45.0,94.5],[45.0,102.5],[45.0,111.0],[36.5,111.0],[28.5,111.0],[20.5,111.0]]",2
/home/nvidia/users/ella/solve_a_maze_image/solve_a_maze_image/maze_data/maze_data_20260417_212507_736990/maze_043_size_31x31_seed_723993357/maze_31_31_723993357_DFS_final_step0013.png,"[[3.5,86.5],[12.0,86.5],[12.0,94.5],[20.5,94.5],[28.5,94.5],[36.5,94.5],[45.0,94.5],[45.0,102.5],[45.0,111.0],[36.5,111.0],[28.5,111.0],[20.5,111.0],[12.0,111.0]]",2
/home/nvidia/users/ella/solve_a_maze_image/solve_a_maze_image/maze_data/maze_data_20260417_212507_736990/maze_043_size_31x31_seed_723993357/maze_31_31_723993357_DFS_final_step0014.png,"[[3.5,86.5],[12.0,86.5],[12.0,94.5],[20.5,94.5],[28.5,94.5],[36.5,94.5],[45.0,94.5],[45.0,102.5],[45.0,111.0],[36.5,111.0],[28.5,111.0],[20.5,111.0],[12.0,111.0],[12.0,119.5]]",2
/home/nvidia/users/ella/solve_a_maze_image/solve_a_maze_image/maze_data/maze_data_20260417_212507_736990/maze_043_size_31x31_seed_723993357/maze_31_31_723993357_DFS_final_step0015.png,"[[3.5,86.5],[12.0,86.5],[12.0,94.5],[20.5,94.5],[28.5,94.5],[36.5,94.5],[45.0,94.5],[45.0,102.5],[45.0,111.0],[36.5,111.0],[28.5,111.0],[20.5,111.0],[12.0,111.0],[12.0,119.5],[12.0,127.5]]",2
/home/nvidia/users/ella/solve_a_maze_image/solve_a_maze_image/maze_data/maze_data_20260417_212507_736990/maze_043_size_31x31_seed_723993357/maze_31_31_723993357_DFS_final_step0016.png,"[[3.5,86.5],[12.0,86.5],[12.0,94.5],[20.5,94.5],[28.5,94.5],[36.5,94.5],[45.0,94.5],[45.0,102.5],[45.0,111.0],[36.5,111.0],[28.5,111.0],[20.5,111.0],[12.0,111.0],[12.0,119.5],[12.0,127.5],[20.5,127.5]]",2
/home/nvidia/users/ella/solve_a_maze_image/solve_a_maze_image/maze_data/maze_data_20260417_212507_736990/maze_043_size_31x31_seed_723993357/maze_31_31_723993357_DFS_final_step0017.png,"[[3.5,86.5],[12.0,86.5],[12.0,94.5],[20.5,94.5],[28.5,94.5],[36.5,94.5],[45.0,94.5],[45.0,102.5],[45.0,111.0],[36.5,111.0],[28.5,111.0],[20.5,111.0],[12.0,111.0],[12.0,119.5],[12.0,127.5],[20.5,127.5],[28.5,127.5]]",2
/home/nvidia/users/ella/solve_a_maze_image/solve_a_maze_image/maze_data/maze_data_20260417_212507_736990/maze_043_size_31x31_seed_723993357/maze_31_31_723993357_DFS_final_step0018.png,"[[3.5,86.5],[12.0,86.5],[12.0,94.5],[20.5,94.5],[28.5,94.5],[36.5,94.5],[45.0,94.5],[45.0,102.5],[45.0,111.0],[36.5,111.0],[28.5,111.0],[20.5,111.0],[12.0,111.0],[12.0,119.5],[12.0,127.5],[20.5,127.5],[28.5,127.5],[28.5,135.5]]",2
/home/nvidia/users/ella/solve_a_maze_image/solve_a_maze_image/maze_data/maze_data_20260417_212507_736990/maze_043_size_31x31_seed_723993357/maze_31_31_723993357_DFS_final_step0019.png,"[[3.5,86.5],[12.0,86.5],[12.0,94.5],[20.5,94.5],[28.5,94.5],[36.5,94.5],[45.0,94.5],[45.0,102.5],[45.0,111.0],[36.5,111.0],[28.5,111.0],[20.5,111.0],[12.0,111.0],[12.0,119.5],[12.0,127.5],[20.5,127.5],[28.5,127.5],[28.5,135.5],[28.5,144.0]]",2
/home/nvidia/users/ella/solve_a_maze_image/solve_a_maze_image/maze_data/maze_data_20260417_212507_736990/maze_043_size_31x31_seed_723993357/maze_31_31_723993357_DFS_final_step0020.png,"[[3.5,86.5],[12.0,86.5],[12.0,94.5],[20.5,94.5],[28.5,94.5],[36.5,94.5],[45.0,94.5],[45.0,102.5],[45.0,111.0],[36.5,111.0],[28.5,111.0],[20.5,111.0],[12.0,111.0],[12.0,119.5],[12.0,127.5],[20.5,127.5],[28.5,127.5],[28.5,135.5],[28.5,144.0],[36.5,144.0]]",2
/home/nvidia/users/ella/solve_a_maze_image/solve_a_maze_image/maze_data/maze_data_20260417_212507_736990/maze_043_size_31x31_seed_723993357/maze_31_31_723993357_DFS_final_step0021.png,"[[3.5,86.5],[12.0,86.5],[12.0,94.5],[20.5,94.5],[28.5,94.5],[36.5,94.5],[45.0,94.5],[45.0,102.5],[45.0,111.0],[36.5,111.0],[28.5,111.0],[20.5,111.0],[12.0,111.0],[12.0,119.5],[12.0,127.5],[20.5,127.5],[28.5,127.5],[28.5,135.5],[28.5,144.0],[36.5,144.0],[45.0,144.0]]",2
/home/nvidia/users/ella/solve_a_maze_image/solve_a_maze_image/maze_data/maze_data_20260417_212507_736990/maze_043_size_31x31_seed_723993357/maze_31_31_723993357_DFS_final_step0022.png,"[[3.5,86.5],[12.0,86.5],[12.0,94.5],[20.5,94.5],[28.5,94.5],[36.5,94.5],[45.0,94.5],[45.0,102.5],[45.0,111.0],[36.5,111.0],[28.5,111.0],[20.5,111.0],[12.0,111.0],[12.0,119.5],[12.0,127.5],[20.5,127.5],[28.5,127.5],[28.5,135.5],[28.5,144.0],[36.5,144.0],[45.0,144.0],[53.5,144.0]]",2
/home/nvidia/users/ella/solve_a_maze_image/solve_a_maze_image/maze_data/maze_data_20260417_212507_736990/maze_043_size_31x31_seed_723993357/maze_31_31_723993357_DFS_final_step0023.png,"[[3.5,86.5],[12.0,86.5],[12.0,94.5],[20.5,94.5],[28.5,94.5],[36.5,94.5],[45.0,94.5],[45.0,102.5],[45.0,111.0],[36.5,111.0],[28.5,111.0],[20.5,111.0],[12.0,111.0],[12.0,119.5],[12.0,127.5],[20.5,127.5],[28.5,127.5],[28.5,135.5],[28.5,144.0],[36.5,144.0],[45.0,144.0],[53.5,144.0],[61.5,144.0]]",2
/home/nvidia/users/ella/solve_a_maze_image/solve_a_maze_image/maze_data/maze_data_20260417_212507_736990/maze_043_size_31x31_seed_723993357/maze_31_31_723993357_DFS_final_step0024.png,"[[3.5,86.5],[12.0,86.5],[12.0,94.5],[20.5,94.5],[28.5,94.5],[36.5,94.5],[45.0,94.5],[45.0,102.5],[45.0,111.0],[36.5,111.0],[28.5,111.0],[20.5,111.0],[12.0,111.0],[12.0,119.5],[12.0,127.5],[20.5,127.5],[28.5,127.5],[28.5,135.5],[28.5,144.0],[36.5,144.0],[45.0,144.0],[53.5,144.0],[61.5,144.0],[69.5,144.0]]",2
/home/nvidia/users/ella/solve_a_maze_image/solve_a_maze_image/maze_data/maze_data_20260417_212507_736990/maze_043_size_31x31_seed_723993357/maze_31_31_723993357_DFS_final_step0025.png,"[[3.5,86.5],[12.0,86.5],[12.0,94.5],[20.5,94.5],[28.5,94.5],[36.5,94.5],[45.0,94.5],[45.0,102.5],[45.0,111.0],[36.5,111.0],[28.5,111.0],[20.5,111.0],[12.0,111.0],[12.0,119.5],[12.0,127.5],[20.5,127.5],[28.5,127.5],[28.5,135.5],[28.5,144.0],[36.5,144.0],[45.0,144.0],[53.5,144.0],[61.5,144.0],[69.5,144.0],[78.0,144.0]]",2
/home/nvidia/users/ella/solve_a_maze_image/solve_a_maze_image/maze_data/maze_data_20260417_212507_736990/maze_043_size_31x31_seed_723993357/maze_31_31_723993357_DFS_final_step0026.png,"[[3.5,86.5],[12.0,86.5],[12.0,94.5],[20.5,94.5],[28.5,94.5],[36.5,94.5],[45.0,94.5],[45.0,102.5],[45.0,111.0],[36.5,111.0],[28.5,111.0],[20.5,111.0],[12.0,111.0],[12.0,119.5],[12.0,127.5],[20.5,127.5],[28.5,127.5],[28.5,135.5],[28.5,144.0],[36.5,144.0],[45.0,144.0],[53.5,144.0],[61.5,144.0],[69.5,144.0],[78.0,144.0],[78.0,152.5]]",2
/home/nvidia/users/ella/solve_a_maze_image/solve_a_maze_image/maze_data/maze_data_20260417_212507_736990/maze_043_size_31x31_seed_723993357/maze_31_31_723993357_DFS_final_step0027.png,"[[3.5,86.5],[12.0,86.5],[12.0,94.5],[20.5,94.5],[28.5,94.5],[36.5,94.5],[45.0,94.5],[45.0,102.5],[45.0,111.0],[36.5,111.0],[28.5,111.0],[20.5,111.0],[12.0,111.0],[12.0,119.5],[12.0,127.5],[20.5,127.5],[28.5,127.5],[28.5,135.5],[28.5,144.0],[36.5,144.0],[45.0,144.0],[53.5,144.0],[61.5,144.0],[69.5,144.0],[78.0,144.0],[78.0,152.5],[78.0,160.5]]",2
/home/nvidia/users/ella/solve_a_maze_image/solve_a_maze_image/maze_data/maze_data_20260417_212507_736990/maze_043_size_31x31_seed_723993357/maze_31_31_723993357_DFS_final_step0028.png,"[[3.5,86.5],[12.0,86.5],[12.0,94.5],[20.5,94.5],[28.5,94.5],[36.5,94.5],[45.0,94.5],[45.0,102.5],[45.0,111.0],[36.5,111.0],[28.5,111.0],[20.5,111.0],[12.0,111.0],[12.0,119.5],[12.0,127.5],[20.5,127.5],[28.5,127.5],[28.5,135.5],[28.5,144.0],[36.5,144.0],[45.0,144.0],[53.5,144.0],[61.5,144.0],[69.5,144.0],[78.0,144.0],[78.0,152.5],[78.0,160.5],[78.0,168.5]]",2
/home/nvidia/users/ella/solve_a_maze_image/solve_a_maze_image/maze_data/maze_data_20260417_212507_736990/maze_043_size_31x31_seed_723993357/maze_31_31_723993357_DFS_final_step0029.png,"[[3.5,86.5],[12.0,86.5],[12.0,94.5],[20.5,94.5],[28.5,94.5],[36.5,94.5],[45.0,94.5],[45.0,102.5],[45.0,111.0],[36.5,111.0],[28.5,111.0],[20.5,111.0],[12.0,111.0],[12.0,119.5],[12.0,127.5],[20.5,127.5],[28.5,127.5],[28.5,135.5],[28.5,144.0],[36.5,144.0],[45.0,144.0],[53.5,144.0],[61.5,144.0],[69.5,144.0],[78.0,144.0],[78.0,152.5],[78.0,160.5],[78.0,168.5],[78.0,177.0]]",2
/home/nvidia/users/ella/solve_a_maze_image/solve_a_maze_image/maze_data/maze_data_20260417_212507_736990/maze_043_size_31x31_seed_723993357/maze_31_31_723993357_DFS_final_step0030.png,"[[3.5,86.5],[12.0,86.5],[12.0,94.5],[20.5,94.5],[28.5,94.5],[36.5,94.5],[45.0,94.5],[45.0,102.5],[45.0,111.0],[36.5,111.0],[28.5,111.0],[20.5,111.0],[12.0,111.0],[12.0,119.5],[12.0,127.5],[20.5,127.5],[28.5,127.5],[28.5,135.5],[28.5,144.0],[36.5,144.0],[45.0,144.0],[53.5,144.0],[61.5,144.0],[69.5,144.0],[78.0,144.0],[78.0,152.5],[78.0,160.5],[78.0,168.5],[78.0,177.0],[69.5,177.0]]",2
/home/nvidia/users/ella/solve_a_maze_image/solve_a_maze_image/maze_data/maze_data_20260417_212507_736990/maze_043_size_31x31_seed_723993357/maze_31_31_723993357_DFS_final_step0031.png,"[[3.5,86.5],[12.0,86.5],[12.0,94.5],[20.5,94.5],[28.5,94.5],[36.5,94.5],[45.0,94.5],[45.0,102.5],[45.0,111.0],[36.5,111.0],[28.5,111.0],[20.5,111.0],[12.0,111.0],[12.0,119.5],[12.0,127.5],[20.5,127.5],[28.5,127.5],[28.5,135.5],[28.5,144.0],[36.5,144.0],[45.0,144.0],[53.5,144.0],[61.5,144.0],[69.5,144.0],[78.0,144.0],[78.0,152.5],[78.0,160.5],[78.0,168.5],[78.0,177.0],[69.5,177.0],[61.5,177.0]]",2
/home/nvidia/users/ella/solve_a_maze_image/solve_a_maze_image/maze_data/maze_data_20260417_212507_736990/maze_043_size_31x31_seed_723993357/maze_31_31_723993357_DFS_final_step0032.png,"[[3.5,86.5],[12.0,86.5],[12.0,94.5],[20.5,94.5],[28.5,94.5],[36.5,94.5],[45.0,94.5],[45.0,102.5],[45.0,111.0],[36.5,111.0],[28.5,111.0],[20.5,111.0],[12.0,111.0],[12.0,119.5],[12.0,127.5],[20.5,127.5],[28.5,127.5],[28.5,135.5],[28.5,144.0],[36.5,144.0],[45.0,144.0],[53.5,144.0],[61.5,144.0],[69.5,144.0],[78.0,144.0],[78.0,152.5],[78.0,160.5],[78.0,168.5],[78.0,177.0],[69.5,177.0],[61.5,177.0],[61.5,185.5]]",2
/home/nvidia/users/ella/solve_a_maze_image/solve_a_maze_image/maze_data/maze_data_20260417_212507_736990/maze_043_size_31x31_seed_723993357/maze_31_31_723993357_DFS_final_step0033.png,"[[3.5,86.5],[12.0,86.5],[12.0,94.5],[20.5,94.5],[28.5,94.5],[36.5,94.5],[45.0,94.5],[45.0,102.5],[45.0,111.0],[36.5,111.0],[28.5,111.0],[20.5,111.0],[12.0,111.0],[12.0,119.5],[12.0,127.5],[20.5,127.5],[28.5,127.5],[28.5,135.5],[28.5,144.0],[36.5,144.0],[45.0,144.0],[53.5,144.0],[61.5,144.0],[69.5,144.0],[78.0,144.0],[78.0,152.5],[78.0,160.5],[78.0,168.5],[78.0,177.0],[69.5,177.0],[61.5,177.0],[61.5,185.5],[61.5,193.5]]",2
/home/nvidia/users/ella/solve_a_maze_image/solve_a_maze_image/maze_data/maze_data_20260417_212507_736990/maze_043_size_31x31_seed_723993357/maze_31_31_723993357_DFS_final_step0034.png,"[[3.5,86.5],[12.0,86.5],[12.0,94.5],[20.5,94.5],[28.5,94.5],[36.5,94.5],[45.0,94.5],[45.0,102.5],[45.0,111.0],[36.5,111.0],[28.5,111.0],[20.5,111.0],[12.0,111.0],[12.0,119.5],[12.0,127.5],[20.5,127.5],[28.5,127.5],[28.5,135.5],[28.5,144.0],[36.5,144.0],[45.0,144.0],[53.5,144.0],[61.5,144.0],[69.5,144.0],[78.0,144.0],[78.0,152.5],[78.0,160.5],[78.0,168.5],[78.0,177.0],[69.5,177.0],[61.5,177.0],[61.5,185.5],[61.5,193.5],[69.5,193.5]]",2
/home/nvidia/users/ella/solve_a_maze_image/solve_a_maze_image/maze_data/maze_data_20260417_212507_736990/maze_043_size_31x31_seed_723993357/maze_31_31_723993357_DFS_final_step0035.png,"[[3.5,86.5],[12.0,86.5],[12.0,94.5],[20.5,94.5],[28.5,94.5],[36.5,94.5],[45.0,94.5],[45.0,102.5],[45.0,111.0],[36.5,111.0],[28.5,111.0],[20.5,111.0],[12.0,111.0],[12.0,119.5],[12.0,127.5],[20.5,127.5],[28.5,127.5],[28.5,135.5],[28.5,144.0],[36.5,144.0],[45.0,144.0],[53.5,144.0],[61.5,144.0],[69.5,144.0],[78.0,144.0],[78.0,152.5],[78.0,160.5],[78.0,168.5],[78.0,177.0],[69.5,177.0],[61.5,177.0],[61.5,185.5],[61.5,193.5],[69.5,193.5],[78.0,193.5]]",2
/home/nvidia/users/ella/solve_a_maze_image/solve_a_maze_image/maze_data/maze_data_20260417_212507_736990/maze_043_size_31x31_seed_723993357/maze_31_31_723993357_DFS_final_step0036.png,"[[3.5,86.5],[12.0,86.5],[12.0,94.5],[20.5,94.5],[28.5,94.5],[36.5,94.5],[45.0,94.5],[45.0,102.5],[45.0,111.0],[36.5,111.0],[28.5,111.0],[20.5,111.0],[12.0,111.0],[12.0,119.5],[12.0,127.5],[20.5,127.5],[28.5,127.5],[28.5,135.5],[28.5,144.0],[36.5,144.0],[45.0,144.0],[53.5,144.0],[61.5,144.0],[69.5,144.0],[78.0,144.0],[78.0,152.5],[78.0,160.5],[78.0,168.5],[78.0,177.0],[69.5,177.0],[61.5,177.0],[61.5,185.5],[61.5,193.5],[69.5,193.5],[78.0,193.5],[78.0,201.5]]",2
/home/nvidia/users/ella/solve_a_maze_image/solve_a_maze_image/maze_data/maze_data_20260417_212507_736990/maze_043_size_31x31_seed_723993357/maze_31_31_723993357_DFS_final_step0037.png,"[[3.5,86.5],[12.0,86.5],[12.0,94.5],[20.5,94.5],[28.5,94.5],[36.5,94.5],[45.0,94.5],[45.0,102.5],[45.0,111.0],[36.5,111.0],[28.5,111.0],[20.5,111.0],[12.0,111.0],[12.0,119.5],[12.0,127.5],[20.5,127.5],[28.5,127.5],[28.5,135.5],[28.5,144.0],[36.5,144.0],[45.0,144.0],[53.5,144.0],[61.5,144.0],[69.5,144.0],[78.0,144.0],[78.0,152.5],[78.0,160.5],[78.0,168.5],[78.0,177.0],[69.5,177.0],[61.5,177.0],[61.5,185.5],[61.5,193.5],[69.5,193.5],[78.0,193.5],[78.0,201.5],[78.0,210.0]]",2
/home/nvidia/users/ella/solve_a_maze_image/solve_a_maze_image/maze_data/maze_data_20260417_212507_736990/maze_043_size_31x31_seed_723993357/maze_31_31_723993357_DFS_final_step0038.png,"[[3.5,86.5],[12.0,86.5],[12.0,94.5],[20.5,94.5],[28.5,94.5],[36.5,94.5],[45.0,94.5],[45.0,102.5],[45.0,111.0],[36.5,111.0],[28.5,111.0],[20.5,111.0],[12.0,111.0],[12.0,119.5],[12.0,127.5],[20.5,127.5],[28.5,127.5],[28.5,135.5],[28.5,144.0],[36.5,144.0],[45.0,144.0],[53.5,144.0],[61.5,144.0],[69.5,144.0],[78.0,144.0],[78.0,152.5],[78.0,160.5],[78.0,168.5],[78.0,177.0],[69.5,177.0],[61.5,177.0],[61.5,185.5],[61.5,193.5],[69.5,193.5],[78.0,193.5],[78.0,201.5],[78.0,210.0],[69.5,210.0]]",2
/home/nvidia/users/ella/solve_a_maze_image/solve_a_maze_image/maze_data/maze_data_20260417_212507_736990/maze_043_size_31x31_seed_723993357/maze_31_31_723993357_DFS_final_step0039.png,"[[3.5,86.5],[12.0,86.5],[12.0,94.5],[20.5,94.5],[28.5,94.5],[36.5,94.5],[45.0,94.5],[45.0,102.5],[45.0,111.0],[36.5,111.0],[28.5,111.0],[20.5,111.0],[12.0,111.0],[12.0,119.5],[12.0,127.5],[20.5,127.5],[28.5,127.5],[28.5,135.5],[28.5,144.0],[36.5,144.0],[45.0,144.0],[53.5,144.0],[61.5,144.0],[69.5,144.0],[78.0,144.0],[78.0,152.5],[78.0,160.5],[78.0,168.5],[78.0,177.0],[69.5,177.0],[61.5,177.0],[61.5,185.5],[61.5,193.5],[69.5,193.5],[78.0,193.5],[78.0,201.5],[78.0,210.0],[69.5,210.0],[61.5,210.0]]",2
/home/nvidia/users/ella/solve_a_maze_image/solve_a_maze_image/maze_data/maze_data_20260417_212507_736990/maze_043_size_31x31_seed_723993357/maze_31_31_723993357_DFS_final_step0040.png,"[[3.5,86.5],[12.0,86.5],[12.0,94.5],[20.5,94.5],[28.5,94.5],[36.5,94.5],[45.0,94.5],[45.0,102.5],[45.0,111.0],[36.5,111.0],[28.5,111.0],[20.5,111.0],[12.0,111.0],[12.0,119.5],[12.0,127.5],[20.5,127.5],[28.5,127.5],[28.5,135.5],[28.5,144.0],[36.5,144.0],[45.0,144.0],[53.5,144.0],[61.5,144.0],[69.5,144.0],[78.0,144.0],[78.0,152.5],[78.0,160.5],[78.0,168.5],[78.0,177.0],[69.5,177.0],[61.5,177.0],[61.5,185.5],[61.5,193.5],[69.5,193.5],[78.0,193.5],[78.0,201.5],[78.0,210.0],[69.5,210.0],[61.5,210.0],[61.5,218.5]]",2
/home/nvidia/users/ella/solve_a_maze_image/solve_a_maze_image/maze_data/maze_data_20260417_212507_736990/maze_043_size_31x31_seed_723993357/maze_31_31_723993357_DFS_final_step0041.png,"[[3.5,86.5],[12.0,86.5],[12.0,94.5],[20.5,94.5],[28.5,94.5],[36.5,94.5],[45.0,94.5],[45.0,102.5],[45.0,111.0],[36.5,111.0],[28.5,111.0],[20.5,111.0],[12.0,111.0],[12.0,119.5],[12.0,127.5],[20.5,127.5],[28.5,127.5],[28.5,135.5],[28.5,144.0],[36.5,144.0],[45.0,144.0],[53.5,144.0],[61.5,144.0],[69.5,144.0],[78.0,144.0],[78.0,152.5],[78.0,160.5],[78.0,168.5],[78.0,177.0],[69.5,177.0],[61.5,177.0],[61.5,185.5],[61.5,193.5],[69.5,193.5],[78.0,193.5],[78.0,201.5],[78.0,210.0],[69.5,210.0],[61.5,210.0],[61.5,218.5],[61.5,226.5]]",2
/home/nvidia/users/ella/solve_a_maze_image/solve_a_maze_image/maze_data/maze_data_20260417_212507_736990/maze_043_size_31x31_seed_723993357/maze_31_31_723993357_DFS_final_step0042.png,"[[3.5,86.5],[12.0,86.5],[12.0,94.5],[20.5,94.5],[28.5,94.5],[36.5,94.5],[45.0,94.5],[45.0,102.5],[45.0,111.0],[36.5,111.0],[28.5,111.0],[20.5,111.0],[12.0,111.0],[12.0,119.5],[12.0,127.5],[20.5,127.5],[28.5,127.5],[28.5,135.5],[28.5,144.0],[36.5,144.0],[45.0,144.0],[53.5,144.0],[61.5,144.0],[69.5,144.0],[78.0,144.0],[78.0,152.5],[78.0,160.5],[78.0,168.5],[78.0,177.0],[69.5,177.0],[61.5,177.0],[61.5,185.5],[61.5,193.5],[69.5,193.5],[78.0,193.5],[78.0,201.5],[78.0,210.0],[69.5,210.0],[61.5,210.0],[61.5,218.5],[61.5,226.5],[61.5,234.5]]",2
/home/nvidia/users/ella/solve_a_maze_image/solve_a_maze_image/maze_data/maze_data_20260417_212507_736990/maze_043_size_31x31_seed_723993357/maze_31_31_723993357_DFS_final_step0043.png,"[[3.5,86.5],[12.0,86.5],[12.0,94.5],[20.5,94.5],[28.5,94.5],[36.5,94.5],[45.0,94.5],[45.0,102.5],[45.0,111.0],[36.5,111.0],[28.5,111.0],[20.5,111.0],[12.0,111.0],[12.0,119.5],[12.0,127.5],[20.5,127.5],[28.5,127.5],[28.5,135.5],[28.5,144.0],[36.5,144.0],[45.0,144.0],[53.5,144.0],[61.5,144.0],[69.5,144.0],[78.0,144.0],[78.0,152.5],[78.0,160.5],[78.0,168.5],[78.0,177.0],[69.5,177.0],[61.5,177.0],[61.5,185.5],[61.5,193.5],[69.5,193.5],[78.0,193.5],[78.0,201.5],[78.0,210.0],[69.5,210.0],[61.5,210.0],[61.5,218.5],[61.5,226.5],[61.5,234.5],[61.5,243.0]]",2
/home/nvidia/users/ella/solve_a_maze_image/solve_a_maze_image/maze_data/maze_data_20260417_212507_736990/maze_043_size_31x31_seed_723993357/maze_31_31_723993357_DFS_final_step0044.png,"[[3.5,86.5],[12.0,86.5],[12.0,94.5],[20.5,94.5],[28.5,94.5],[36.5,94.5],[45.0,94.5],[45.0,102.5],[45.0,111.0],[36.5,111.0],[28.5,111.0],[20.5,111.0],[12.0,111.0],[12.0,119.5],[12.0,127.5],[20.5,127.5],[28.5,127.5],[28.5,135.5],[28.5,144.0],[36.5,144.0],[45.0,144.0],[53.5,144.0],[61.5,144.0],[69.5,144.0],[78.0,144.0],[78.0,152.5],[78.0,160.5],[78.0,168.5],[78.0,177.0],[69.5,177.0],[61.5,177.0],[61.5,185.5],[61.5,193.5],[69.5,193.5],[78.0,193.5],[78.0,201.5],[78.0,210.0],[69.5,210.0],[61.5,210.0],[61.5,218.5],[61.5,226.5],[61.5,234.5],[61.5,243.0],[69.5,243.0]]",2
/home/nvidia/users/ella/solve_a_maze_image/solve_a_maze_image/maze_data/maze_data_20260417_212507_736990/maze_043_size_31x31_seed_723993357/maze_31_31_723993357_DFS_final_step0045.png,"[[3.5,86.5],[12.0,86.5],[12.0,94.5],[20.5,94.5],[28.5,94.5],[36.5,94.5],[45.0,94.5],[45.0,102.5],[45.0,111.0],[36.5,111.0],[28.5,111.0],[20.5,111.0],[12.0,111.0],[12.0,119.5],[12.0,127.5],[20.5,127.5],[28.5,127.5],[28.5,135.5],[28.5,144.0],[36.5,144.0],[45.0,144.0],[53.5,144.0],[61.5,144.0],[69.5,144.0],[78.0,144.0],[78.0,152.5],[78.0,160.5],[78.0,168.5],[78.0,177.0],[69.5,177.0],[61.5,177.0],[61.5,185.5],[61.5,193.5],[69.5,193.5],[78.0,193.5],[78.0,201.5],[78.0,210.0],[69.5,210.0],[61.5,210.0],[61.5,218.5],[61.5,226.5],[61.5,234.5],[61.5,243.0],[69.5,243.0],[78.0,243.0]]",2
/home/nvidia/users/ella/solve_a_maze_image/solve_a_maze_image/maze_data/maze_data_20260417_212507_736990/maze_043_size_31x31_seed_723993357/maze_31_31_723993357_DFS_final_step0046.png,"[[3.5,86.5],[12.0,86.5],[12.0,94.5],[20.5,94.5],[28.5,94.5],[36.5,94.5],[45.0,94.5],[45.0,102.5],[45.0,111.0],[36.5,111.0],[28.5,111.0],[20.5,111.0],[12.0,111.0],[12.0,119.5],[12.0,127.5],[20.5,127.5],[28.5,127.5],[28.5,135.5],[28.5,144.0],[36.5,144.0],[45.0,144.0],[53.5,144.0],[61.5,144.0],[69.5,144.0],[78.0,144.0],[78.0,152.5],[78.0,160.5],[78.0,168.5],[78.0,177.0],[69.5,177.0],[61.5,177.0],[61.5,185.5],[61.5,193.5],[69.5,193.5],[78.0,193.5],[78.0,201.5],[78.0,210.0],[69.5,210.0],[61.5,210.0],[61.5,218.5],[61.5,226.5],[61.5,234.5],[61.5,243.0],[69.5,243.0],[78.0,243.0],[78.0,234.5]]",2
/home/nvidia/users/ella/solve_a_maze_image/solve_a_maze_image/maze_data/maze_data_20260417_212507_736990/maze_043_size_31x31_seed_723993357/maze_31_31_723993357_DFS_final_step0047.png,"[[3.5,86.5],[12.0,86.5],[12.0,94.5],[20.5,94.5],[28.5,94.5],[36.5,94.5],[45.0,94.5],[45.0,102.5],[45.0,111.0],[36.5,111.0],[28.5,111.0],[20.5,111.0],[12.0,111.0],[12.0,119.5],[12.0,127.5],[20.5,127.5],[28.5,127.5],[28.5,135.5],[28.5,144.0],[36.5,144.0],[45.0,144.0],[53.5,144.0],[61.5,144.0],[69.5,144.0],[78.0,144.0],[78.0,152.5],[78.0,160.5],[78.0,168.5],[78.0,177.0],[69.5,177.0],[61.5,177.0],[61.5,185.5],[61.5,193.5],[69.5,193.5],[78.0,193.5],[78.0,201.5],[78.0,210.0],[69.5,210.0],[61.5,210.0],[61.5,218.5],[61.5,226.5],[61.5,234.5],[61.5,243.0],[69.5,243.0],[78.0,243.0],[78.0,234.5],[78.0,226.5]]",2
/home/nvidia/users/ella/solve_a_maze_image/solve_a_maze_image/maze_data/maze_data_20260417_212507_736990/maze_043_size_31x31_seed_723993357/maze_31_31_723993357_DFS_final_step0048.png,"[[3.5,86.5],[12.0,86.5],[12.0,94.5],[20.5,94.5],[28.5,94.5],[36.5,94.5],[45.0,94.5],[45.0,102.5],[45.0,111.0],[36.5,111.0],[28.5,111.0],[20.5,111.0],[12.0,111.0],[12.0,119.5],[12.0,127.5],[20.5,127.5],[28.5,127.5],[28.5,135.5],[28.5,144.0],[36.5,144.0],[45.0,144.0],[53.5,144.0],[61.5,144.0],[69.5,144.0],[78.0,144.0],[78.0,152.5],[78.0,160.5],[78.0,168.5],[78.0,177.0],[69.5,177.0],[61.5,177.0],[61.5,185.5],[61.5,193.5],[69.5,193.5],[78.0,193.5],[78.0,201.5],[78.0,210.0],[69.5,210.0],[61.5,210.0],[61.5,218.5],[61.5,226.5],[61.5,234.5],[61.5,243.0],[69.5,243.0],[78.0,243.0],[78.0,234.5],[78.0,226.5],[86.5,226.5]]",2
/home/nvidia/users/ella/solve_a_maze_image/solve_a_maze_image/maze_data/maze_data_20260417_212507_736990/maze_043_size_31x31_seed_723993357/maze_31_31_723993357_DFS_final_step0049.png,"[[3.5,86.5],[12.0,86.5],[12.0,94.5],[20.5,94.5],[28.5,94.5],[36.5,94.5],[45.0,94.5],[45.0,102.5],[45.0,111.0],[36.5,111.0],[28.5,111.0],[20.5,111.0],[12.0,111.0],[12.0,119.5],[12.0,127.5],[20.5,127.5],[28.5,127.5],[28.5,135.5],[28.5,144.0],[36.5,144.0],[45.0,144.0],[53.5,144.0],[61.5,144.0],[69.5,144.0],[78.0,144.0],[78.0,152.5],[78.0,160.5],[78.0,168.5],[78.0,177.0],[69.5,177.0],[61.5,177.0],[61.5,185.5],[61.5,193.5],[69.5,193.5],[78.0,193.5],[78.0,201.5],[78.0,210.0],[69.5,210.0],[61.5,210.0],[61.5,218.5],[61.5,226.5],[61.5,234.5],[61.5,243.0],[69.5,243.0],[78.0,243.0],[78.0,234.5],[78.0,226.5],[86.5,226.5],[94.5,226.5]]",2
/home/nvidia/users/ella/solve_a_maze_image/solve_a_maze_image/maze_data/maze_data_20260417_212507_736990/maze_043_size_31x31_seed_723993357/maze_31_31_723993357_DFS_final_step0050.png,"[[3.5,86.5],[12.0,86.5],[12.0,94.5],[20.5,94.5],[28.5,94.5],[36.5,94.5],[45.0,94.5],[45.0,102.5],[45.0,111.0],[36.5,111.0],[28.5,111.0],[20.5,111.0],[12.0,111.0],[12.0,119.5],[12.0,127.5],[20.5,127.5],[28.5,127.5],[28.5,135.5],[28.5,144.0],[36.5,144.0],[45.0,144.0],[53.5,144.0],[61.5,144.0],[69.5,144.0],[78.0,144.0],[78.0,152.5],[78.0,160.5],[78.0,168.5],[78.0,177.0],[69.5,177.0],[61.5,177.0],[61.5,185.5],[61.5,193.5],[69.5,193.5],[78.0,193.5],[78.0,201.5],[78.0,210.0],[69.5,210.0],[61.5,210.0],[61.5,218.5],[61.5,226.5],[61.5,234.5],[61.5,243.0],[69.5,243.0],[78.0,243.0],[78.0,234.5],[78.0,226.5],[86.5,226.5],[94.5,226.5],[94.5,218.5]]",2
/home/nvidia/users/ella/solve_a_maze_image/solve_a_maze_image/maze_data/maze_data_20260417_212507_736990/maze_043_size_31x31_seed_723993357/maze_31_31_723993357_DFS_final_step0051.png,"[[3.5,86.5],[12.0,86.5],[12.0,94.5],[20.5,94.5],[28.5,94.5],[36.5,94.5],[45.0,94.5],[45.0,102.5],[45.0,111.0],[36.5,111.0],[28.5,111.0],[20.5,111.0],[12.0,111.0],[12.0,119.5],[12.0,127.5],[20.5,127.5],[28.5,127.5],[28.5,135.5],[28.5,144.0],[36.5,144.0],[45.0,144.0],[53.5,144.0],[61.5,144.0],[69.5,144.0],[78.0,144.0],[78.0,152.5],[78.0,160.5],[78.0,168.5],[78.0,177.0],[69.5,177.0],[61.5,177.0],[61.5,185.5],[61.5,193.5],[69.5,193.5],[78.0,193.5],[78.0,201.5],[78.0,210.0],[69.5,210.0],[61.5,210.0],[61.5,218.5],[61.5,226.5],[61.5,234.5],[61.5,243.0],[69.5,243.0],[78.0,243.0],[78.0,234.5],[78.0,226.5],[86.5,226.5],[94.5,226.5],[94.5,218.5],[94.5,210.0]]",2
/home/nvidia/users/ella/solve_a_maze_image/solve_a_maze_image/maze_data/maze_data_20260417_212507_736990/maze_043_size_31x31_seed_723993357/maze_31_31_723993357_DFS_final_step0052.png,"[[3.5,86.5],[12.0,86.5],[12.0,94.5],[20.5,94.5],[28.5,94.5],[36.5,94.5],[45.0,94.5],[45.0,102.5],[45.0,111.0],[36.5,111.0],[28.5,111.0],[20.5,111.0],[12.0,111.0],[12.0,119.5],[12.0,127.5],[20.5,127.5],[28.5,127.5],[28.5,135.5],[28.5,144.0],[36.5,144.0],[45.0,144.0],[53.5,144.0],[61.5,144.0],[69.5,144.0],[78.0,144.0],[78.0,152.5],[78.0,160.5],[78.0,168.5],[78.0,177.0],[69.5,177.0],[61.5,177.0],[61.5,185.5],[61.5,193.5],[69.5,193.5],[78.0,193.5],[78.0,201.5],[78.0,210.0],[69.5,210.0],[61.5,210.0],[61.5,218.5],[61.5,226.5],[61.5,234.5],[61.5,243.0],[69.5,243.0],[78.0,243.0],[78.0,234.5],[78.0,226.5],[86.5,226.5],[94.5,226.5],[94.5,218.5],[94.5,210.0],[94.5,201.5]]",2
/home/nvidia/users/ella/solve_a_maze_image/solve_a_maze_image/maze_data/maze_data_20260417_212507_736990/maze_043_size_31x31_seed_723993357/maze_31_31_723993357_DFS_final_step0053.png,"[[3.5,86.5],[12.0,86.5],[12.0,94.5],[20.5,94.5],[28.5,94.5],[36.5,94.5],[45.0,94.5],[45.0,102.5],[45.0,111.0],[36.5,111.0],[28.5,111.0],[20.5,111.0],[12.0,111.0],[12.0,119.5],[12.0,127.5],[20.5,127.5],[28.5,127.5],[28.5,135.5],[28.5,144.0],[36.5,144.0],[45.0,144.0],[53.5,144.0],[61.5,144.0],[69.5,144.0],[78.0,144.0],[78.0,152.5],[78.0,160.5],[78.0,168.5],[78.0,177.0],[69.5,177.0],[61.5,177.0],[61.5,185.5],[61.5,193.5],[69.5,193.5],[78.0,193.5],[78.0,201.5],[78.0,210.0],[69.5,210.0],[61.5,210.0],[61.5,218.5],[61.5,226.5],[61.5,234.5],[61.5,243.0],[69.5,243.0],[78.0,243.0],[78.0,234.5],[78.0,226.5],[86.5,226.5],[94.5,226.5],[94.5,218.5],[94.5,210.0],[94.5,201.5],[94.5,193.5]]",2
/home/nvidia/users/ella/solve_a_maze_image/solve_a_maze_image/maze_data/maze_data_20260417_212507_736990/maze_043_size_31x31_seed_723993357/maze_31_31_723993357_DFS_final_step0054.png,"[[3.5,86.5],[12.0,86.5],[12.0,94.5],[20.5,94.5],[28.5,94.5],[36.5,94.5],[45.0,94.5],[45.0,102.5],[45.0,111.0],[36.5,111.0],[28.5,111.0],[20.5,111.0],[12.0,111.0],[12.0,119.5],[12.0,127.5],[20.5,127.5],[28.5,127.5],[28.5,135.5],[28.5,144.0],[36.5,144.0],[45.0,144.0],[53.5,144.0],[61.5,144.0],[69.5,144.0],[78.0,144.0],[78.0,152.5],[78.0,160.5],[78.0,168.5],[78.0,177.0],[69.5,177.0],[61.5,177.0],[61.5,185.5],[61.5,193.5],[69.5,193.5],[78.0,193.5],[78.0,201.5],[78.0,210.0],[69.5,210.0],[61.5,210.0],[61.5,218.5],[61.5,226.5],[61.5,234.5],[61.5,243.0],[69.5,243.0],[78.0,243.0],[78.0,234.5],[78.0,226.5],[86.5,226.5],[94.5,226.5],[94.5,218.5],[94.5,210.0],[94.5,201.5],[94.5,193.5],[94.5,185.5]]",2
/home/nvidia/users/ella/solve_a_maze_image/solve_a_maze_image/maze_data/maze_data_20260417_212507_736990/maze_043_size_31x31_seed_723993357/maze_31_31_723993357_DFS_final_step0055.png,"[[3.5,86.5],[12.0,86.5],[12.0,94.5],[20.5,94.5],[28.5,94.5],[36.5,94.5],[45.0,94.5],[45.0,102.5],[45.0,111.0],[36.5,111.0],[28.5,111.0],[20.5,111.0],[12.0,111.0],[12.0,119.5],[12.0,127.5],[20.5,127.5],[28.5,127.5],[28.5,135.5],[28.5,144.0],[36.5,144.0],[45.0,144.0],[53.5,144.0],[61.5,144.0],[69.5,144.0],[78.0,144.0],[78.0,152.5],[78.0,160.5],[78.0,168.5],[78.0,177.0],[69.5,177.0],[61.5,177.0],[61.5,185.5],[61.5,193.5],[69.5,193.5],[78.0,193.5],[78.0,201.5],[78.0,210.0],[69.5,210.0],[61.5,210.0],[61.5,218.5],[61.5,226.5],[61.5,234.5],[61.5,243.0],[69.5,243.0],[78.0,243.0],[78.0,234.5],[78.0,226.5],[86.5,226.5],[94.5,226.5],[94.5,218.5],[94.5,210.0],[94.5,201.5],[94.5,193.5],[94.5,185.5],[94.5,177.0]]",2
/home/nvidia/users/ella/solve_a_maze_image/solve_a_maze_image/maze_data/maze_data_20260417_212507_736990/maze_043_size_31x31_seed_723993357/maze_31_31_723993357_DFS_final_step0056.png,"[[3.5,86.5],[12.0,86.5],[12.0,94.5],[20.5,94.5],[28.5,94.5],[36.5,94.5],[45.0,94.5],[45.0,102.5],[45.0,111.0],[36.5,111.0],[28.5,111.0],[20.5,111.0],[12.0,111.0],[12.0,119.5],[12.0,127.5],[20.5,127.5],[28.5,127.5],[28.5,135.5],[28.5,144.0],[36.5,144.0],[45.0,144.0],[53.5,144.0],[61.5,144.0],[69.5,144.0],[78.0,144.0],[78.0,152.5],[78.0,160.5],[78.0,168.5],[78.0,177.0],[69.5,177.0],[61.5,177.0],[61.5,185.5],[61.5,193.5],[69.5,193.5],[78.0,193.5],[78.0,201.5],[78.0,210.0],[69.5,210.0],[61.5,210.0],[61.5,218.5],[61.5,226.5],[61.5,234.5],[61.5,243.0],[69.5,243.0],[78.0,243.0],[78.0,234.5],[78.0,226.5],[86.5,226.5],[94.5,226.5],[94.5,218.5],[94.5,210.0],[94.5,201.5],[94.5,193.5],[94.5,185.5],[94.5,177.0],[94.5,168.5]]",2
/home/nvidia/users/ella/solve_a_maze_image/solve_a_maze_image/maze_data/maze_data_20260417_212507_736990/maze_043_size_31x31_seed_723993357/maze_31_31_723993357_DFS_final_step0057.png,"[[3.5,86.5],[12.0,86.5],[12.0,94.5],[20.5,94.5],[28.5,94.5],[36.5,94.5],[45.0,94.5],[45.0,102.5],[45.0,111.0],[36.5,111.0],[28.5,111.0],[20.5,111.0],[12.0,111.0],[12.0,119.5],[12.0,127.5],[20.5,127.5],[28.5,127.5],[28.5,135.5],[28.5,144.0],[36.5,144.0],[45.0,144.0],[53.5,144.0],[61.5,144.0],[69.5,144.0],[78.0,144.0],[78.0,152.5],[78.0,160.5],[78.0,168.5],[78.0,177.0],[69.5,177.0],[61.5,177.0],[61.5,185.5],[61.5,193.5],[69.5,193.5],[78.0,193.5],[78.0,201.5],[78.0,210.0],[69.5,210.0],[61.5,210.0],[61.5,218.5],[61.5,226.5],[61.5,234.5],[61.5,243.0],[69.5,243.0],[78.0,243.0],[78.0,234.5],[78.0,226.5],[86.5,226.5],[94.5,226.5],[94.5,218.5],[94.5,210.0],[94.5,201.5],[94.5,193.5],[94.5,185.5],[94.5,177.0],[94.5,168.5],[94.5,160.5]]",2
/home/nvidia/users/ella/solve_a_maze_image/solve_a_maze_image/maze_data/maze_data_20260417_212507_736990/maze_043_size_31x31_seed_723993357/maze_31_31_723993357_DFS_final_step0058.png,"[[3.5,86.5],[12.0,86.5],[12.0,94.5],[20.5,94.5],[28.5,94.5],[36.5,94.5],[45.0,94.5],[45.0,102.5],[45.0,111.0],[36.5,111.0],[28.5,111.0],[20.5,111.0],[12.0,111.0],[12.0,119.5],[12.0,127.5],[20.5,127.5],[28.5,127.5],[28.5,135.5],[28.5,144.0],[36.5,144.0],[45.0,144.0],[53.5,144.0],[61.5,144.0],[69.5,144.0],[78.0,144.0],[78.0,152.5],[78.0,160.5],[78.0,168.5],[78.0,177.0],[69.5,177.0],[61.5,177.0],[61.5,185.5],[61.5,193.5],[69.5,193.5],[78.0,193.5],[78.0,201.5],[78.0,210.0],[69.5,210.0],[61.5,210.0],[61.5,218.5],[61.5,226.5],[61.5,234.5],[61.5,243.0],[69.5,243.0],[78.0,243.0],[78.0,234.5],[78.0,226.5],[86.5,226.5],[94.5,226.5],[94.5,218.5],[94.5,210.0],[94.5,201.5],[94.5,193.5],[94.5,185.5],[94.5,177.0],[94.5,168.5],[94.5,160.5],[94.5,152.5]]",2
/home/nvidia/users/ella/solve_a_maze_image/solve_a_maze_image/maze_data/maze_data_20260417_212507_736990/maze_043_size_31x31_seed_723993357/maze_31_31_723993357_DFS_final_step0059.png,"[[3.5,86.5],[12.0,86.5],[12.0,94.5],[20.5,94.5],[28.5,94.5],[36.5,94.5],[45.0,94.5],[45.0,102.5],[45.0,111.0],[36.5,111.0],[28.5,111.0],[20.5,111.0],[12.0,111.0],[12.0,119.5],[12.0,127.5],[20.5,127.5],[28.5,127.5],[28.5,135.5],[28.5,144.0],[36.5,144.0],[45.0,144.0],[53.5,144.0],[61.5,144.0],[69.5,144.0],[78.0,144.0],[78.0,152.5],[78.0,160.5],[78.0,168.5],[78.0,177.0],[69.5,177.0],[61.5,177.0],[61.5,185.5],[61.5,193.5],[69.5,193.5],[78.0,193.5],[78.0,201.5],[78.0,210.0],[69.5,210.0],[61.5,210.0],[61.5,218.5],[61.5,226.5],[61.5,234.5],[61.5,243.0],[69.5,243.0],[78.0,243.0],[78.0,234.5],[78.0,226.5],[86.5,226.5],[94.5,226.5],[94.5,218.5],[94.5,210.0],[94.5,201.5],[94.5,193.5],[94.5,185.5],[94.5,177.0],[94.5,168.5],[94.5,160.5],[94.5,152.5],[94.5,144.0]]",2
/home/nvidia/users/ella/solve_a_maze_image/solve_a_maze_image/maze_data/maze_data_20260417_212507_736990/maze_043_size_31x31_seed_723993357/maze_31_31_723993357_DFS_final_step0060.png,"[[3.5,86.5],[12.0,86.5],[12.0,94.5],[20.5,94.5],[28.5,94.5],[36.5,94.5],[45.0,94.5],[45.0,102.5],[45.0,111.0],[36.5,111.0],[28.5,111.0],[20.5,111.0],[12.0,111.0],[12.0,119.5],[12.0,127.5],[20.5,127.5],[28.5,127.5],[28.5,135.5],[28.5,144.0],[36.5,144.0],[45.0,144.0],[53.5,144.0],[61.5,144.0],[69.5,144.0],[78.0,144.0],[78.0,152.5],[78.0,160.5],[78.0,168.5],[78.0,177.0],[69.5,177.0],[61.5,177.0],[61.5,185.5],[61.5,193.5],[69.5,193.5],[78.0,193.5],[78.0,201.5],[78.0,210.0],[69.5,210.0],[61.5,210.0],[61.5,218.5],[61.5,226.5],[61.5,234.5],[61.5,243.0],[69.5,243.0],[78.0,243.0],[78.0,234.5],[78.0,226.5],[86.5,226.5],[94.5,226.5],[94.5,218.5],[94.5,210.0],[94.5,201.5],[94.5,193.5],[94.5,185.5],[94.5,177.0],[94.5,168.5],[94.5,160.5],[94.5,152.5],[94.5,144.0],[102.5,144.0]]",2
/home/nvidia/users/ella/solve_a_maze_image/solve_a_maze_image/maze_data/maze_data_20260417_212507_736990/maze_043_size_31x31_seed_723993357/maze_31_31_723993357_DFS_final_step0061.png,"[[3.5,86.5],[12.0,86.5],[12.0,94.5],[20.5,94.5],[28.5,94.5],[36.5,94.5],[45.0,94.5],[45.0,102.5],[45.0,111.0],[36.5,111.0],[28.5,111.0],[20.5,111.0],[12.0,111.0],[12.0,119.5],[12.0,127.5],[20.5,127.5],[28.5,127.5],[28.5,135.5],[28.5,144.0],[36.5,144.0],[45.0,144.0],[53.5,144.0],[61.5,144.0],[69.5,144.0],[78.0,144.0],[78.0,152.5],[78.0,160.5],[78.0,168.5],[78.0,177.0],[69.5,177.0],[61.5,177.0],[61.5,185.5],[61.5,193.5],[69.5,193.5],[78.0,193.5],[78.0,201.5],[78.0,210.0],[69.5,210.0],[61.5,210.0],[61.5,218.5],[61.5,226.5],[61.5,234.5],[61.5,243.0],[69.5,243.0],[78.0,243.0],[78.0,234.5],[78.0,226.5],[86.5,226.5],[94.5,226.5],[94.5,218.5],[94.5,210.0],[94.5,201.5],[94.5,193.5],[94.5,185.5],[94.5,177.0],[94.5,168.5],[94.5,160.5],[94.5,152.5],[94.5,144.0],[102.5,144.0],[111.0,144.0]]",2
/home/nvidia/users/ella/solve_a_maze_image/solve_a_maze_image/maze_data/maze_data_20260417_212507_736990/maze_043_size_31x31_seed_723993357/maze_31_31_723993357_DFS_final_step0062.png,"[[3.5,86.5],[12.0,86.5],[12.0,94.5],[20.5,94.5],[28.5,94.5],[36.5,94.5],[45.0,94.5],[45.0,102.5],[45.0,111.0],[36.5,111.0],[28.5,111.0],[20.5,111.0],[12.0,111.0],[12.0,119.5],[12.0,127.5],[20.5,127.5],[28.5,127.5],[28.5,135.5],[28.5,144.0],[36.5,144.0],[45.0,144.0],[53.5,144.0],[61.5,144.0],[69.5,144.0],[78.0,144.0],[78.0,152.5],[78.0,160.5],[78.0,168.5],[78.0,177.0],[69.5,177.0],[61.5,177.0],[61.5,185.5],[61.5,193.5],[69.5,193.5],[78.0,193.5],[78.0,201.5],[78.0,210.0],[69.5,210.0],[61.5,210.0],[61.5,218.5],[61.5,226.5],[61.5,234.5],[61.5,243.0],[69.5,243.0],[78.0,243.0],[78.0,234.5],[78.0,226.5],[86.5,226.5],[94.5,226.5],[94.5,218.5],[94.5,210.0],[94.5,201.5],[94.5,193.5],[94.5,185.5],[94.5,177.0],[94.5,168.5],[94.5,160.5],[94.5,152.5],[94.5,144.0],[102.5,144.0],[111.0,144.0],[111.0,152.5]]",2
/home/nvidia/users/ella/solve_a_maze_image/solve_a_maze_image/maze_data/maze_data_20260417_212507_736990/maze_043_size_31x31_seed_723993357/maze_31_31_723993357_DFS_final_step0063.png,"[[3.5,86.5],[12.0,86.5],[12.0,94.5],[20.5,94.5],[28.5,94.5],[36.5,94.5],[45.0,94.5],[45.0,102.5],[45.0,111.0],[36.5,111.0],[28.5,111.0],[20.5,111.0],[12.0,111.0],[12.0,119.5],[12.0,127.5],[20.5,127.5],[28.5,127.5],[28.5,135.5],[28.5,144.0],[36.5,144.0],[45.0,144.0],[53.5,144.0],[61.5,144.0],[69.5,144.0],[78.0,144.0],[78.0,152.5],[78.0,160.5],[78.0,168.5],[78.0,177.0],[69.5,177.0],[61.5,177.0],[61.5,185.5],[61.5,193.5],[69.5,193.5],[78.0,193.5],[78.0,201.5],[78.0,210.0],[69.5,210.0],[61.5,210.0],[61.5,218.5],[61.5,226.5],[61.5,234.5],[61.5,243.0],[69.5,243.0],[78.0,243.0],[78.0,234.5],[78.0,226.5],[86.5,226.5],[94.5,226.5],[94.5,218.5],[94.5,210.0],[94.5,201.5],[94.5,193.5],[94.5,185.5],[94.5,177.0],[94.5,168.5],[94.5,160.5],[94.5,152.5],[94.5,144.0],[102.5,144.0],[111.0,144.0],[111.0,152.5],[111.0,160.5]]",2
/home/nvidia/users/ella/solve_a_maze_image/solve_a_maze_image/maze_data/maze_data_20260417_212507_736990/maze_043_size_31x31_seed_723993357/maze_31_31_723993357_DFS_final_step0064.png,"[[3.5,86.5],[12.0,86.5],[12.0,94.5],[20.5,94.5],[28.5,94.5],[36.5,94.5],[45.0,94.5],[45.0,102.5],[45.0,111.0],[36.5,111.0],[28.5,111.0],[20.5,111.0],[12.0,111.0],[12.0,119.5],[12.0,127.5],[20.5,127.5],[28.5,127.5],[28.5,135.5],[28.5,144.0],[36.5,144.0],[45.0,144.0],[53.5,144.0],[61.5,144.0],[69.5,144.0],[78.0,144.0],[78.0,152.5],[78.0,160.5],[78.0,168.5],[78.0,177.0],[69.5,177.0],[61.5,177.0],[61.5,185.5],[61.5,193.5],[69.5,193.5],[78.0,193.5],[78.0,201.5],[78.0,210.0],[69.5,210.0],[61.5,210.0],[61.5,218.5],[61.5,226.5],[61.5,234.5],[61.5,243.0],[69.5,243.0],[78.0,243.0],[78.0,234.5],[78.0,226.5],[86.5,226.5],[94.5,226.5],[94.5,218.5],[94.5,210.0],[94.5,201.5],[94.5,193.5],[94.5,185.5],[94.5,177.0],[94.5,168.5],[94.5,160.5],[94.5,152.5],[94.5,144.0],[102.5,144.0],[111.0,144.0],[111.0,152.5],[111.0,160.5],[111.0,168.5]]",2
/home/nvidia/users/ella/solve_a_maze_image/solve_a_maze_image/maze_data/maze_data_20260417_212507_736990/maze_043_size_31x31_seed_723993357/maze_31_31_723993357_DFS_final_step0065.png,"[[3.5,86.5],[12.0,86.5],[12.0,94.5],[20.5,94.5],[28.5,94.5],[36.5,94.5],[45.0,94.5],[45.0,102.5],[45.0,111.0],[36.5,111.0],[28.5,111.0],[20.5,111.0],[12.0,111.0],[12.0,119.5],[12.0,127.5],[20.5,127.5],[28.5,127.5],[28.5,135.5],[28.5,144.0],[36.5,144.0],[45.0,144.0],[53.5,144.0],[61.5,144.0],[69.5,144.0],[78.0,144.0],[78.0,152.5],[78.0,160.5],[78.0,168.5],[78.0,177.0],[69.5,177.0],[61.5,177.0],[61.5,185.5],[61.5,193.5],[69.5,193.5],[78.0,193.5],[78.0,201.5],[78.0,210.0],[69.5,210.0],[61.5,210.0],[61.5,218.5],[61.5,226.5],[61.5,234.5],[61.5,243.0],[69.5,243.0],[78.0,243.0],[78.0,234.5],[78.0,226.5],[86.5,226.5],[94.5,226.5],[94.5,218.5],[94.5,210.0],[94.5,201.5],[94.5,193.5],[94.5,185.5],[94.5,177.0],[94.5,168.5],[94.5,160.5],[94.5,152.5],[94.5,144.0],[102.5,144.0],[111.0,144.0],[111.0,152.5],[111.0,160.5],[111.0,168.5],[111.0,177.0]]",2
/home/nvidia/users/ella/solve_a_maze_image/solve_a_maze_image/maze_data/maze_data_20260417_212507_736990/maze_043_size_31x31_seed_723993357/maze_31_31_723993357_DFS_final_step0066.png,"[[3.5,86.5],[12.0,86.5],[12.0,94.5],[20.5,94.5],[28.5,94.5],[36.5,94.5],[45.0,94.5],[45.0,102.5],[45.0,111.0],[36.5,111.0],[28.5,111.0],[20.5,111.0],[12.0,111.0],[12.0,119.5],[12.0,127.5],[20.5,127.5],[28.5,127.5],[28.5,135.5],[28.5,144.0],[36.5,144.0],[45.0,144.0],[53.5,144.0],[61.5,144.0],[69.5,144.0],[78.0,144.0],[78.0,152.5],[78.0,160.5],[78.0,168.5],[78.0,177.0],[69.5,177.0],[61.5,177.0],[61.5,185.5],[61.5,193.5],[69.5,193.5],[78.0,193.5],[78.0,201.5],[78.0,210.0],[69.5,210.0],[61.5,210.0],[61.5,218.5],[61.5,226.5],[61.5,234.5],[61.5,243.0],[69.5,243.0],[78.0,243.0],[78.0,234.5],[78.0,226.5],[86.5,226.5],[94.5,226.5],[94.5,218.5],[94.5,210.0],[94.5,201.5],[94.5,193.5],[94.5,185.5],[94.5,177.0],[94.5,168.5],[94.5,160.5],[94.5,152.5],[94.5,144.0],[102.5,144.0],[111.0,144.0],[111.0,152.5],[111.0,160.5],[111.0,168.5],[111.0,177.0],[119.5,177.0]]",2
/home/nvidia/users/ella/solve_a_maze_image/solve_a_maze_image/maze_data/maze_data_20260417_212507_736990/maze_043_size_31x31_seed_723993357/maze_31_31_723993357_DFS_final_step0067.png,"[[3.5,86.5],[12.0,86.5],[12.0,94.5],[20.5,94.5],[28.5,94.5],[36.5,94.5],[45.0,94.5],[45.0,102.5],[45.0,111.0],[36.5,111.0],[28.5,111.0],[20.5,111.0],[12.0,111.0],[12.0,119.5],[12.0,127.5],[20.5,127.5],[28.5,127.5],[28.5,135.5],[28.5,144.0],[36.5,144.0],[45.0,144.0],[53.5,144.0],[61.5,144.0],[69.5,144.0],[78.0,144.0],[78.0,152.5],[78.0,160.5],[78.0,168.5],[78.0,177.0],[69.5,177.0],[61.5,177.0],[61.5,185.5],[61.5,193.5],[69.5,193.5],[78.0,193.5],[78.0,201.5],[78.0,210.0],[69.5,210.0],[61.5,210.0],[61.5,218.5],[61.5,226.5],[61.5,234.5],[61.5,243.0],[69.5,243.0],[78.0,243.0],[78.0,234.5],[78.0,226.5],[86.5,226.5],[94.5,226.5],[94.5,218.5],[94.5,210.0],[94.5,201.5],[94.5,193.5],[94.5,185.5],[94.5,177.0],[94.5,168.5],[94.5,160.5],[94.5,152.5],[94.5,144.0],[102.5,144.0],[111.0,144.0],[111.0,152.5],[111.0,160.5],[111.0,168.5],[111.0,177.0],[119.5,177.0],[127.5,177.0]]",2
/home/nvidia/users/ella/solve_a_maze_image/solve_a_maze_image/maze_data/maze_data_20260417_212507_736990/maze_043_size_31x31_seed_723993357/maze_31_31_723993357_DFS_final_step0068.png,"[[3.5,86.5],[12.0,86.5],[12.0,94.5],[20.5,94.5],[28.5,94.5],[36.5,94.5],[45.0,94.5],[45.0,102.5],[45.0,111.0],[36.5,111.0],[28.5,111.0],[20.5,111.0],[12.0,111.0],[12.0,119.5],[12.0,127.5],[20.5,127.5],[28.5,127.5],[28.5,135.5],[28.5,144.0],[36.5,144.0],[45.0,144.0],[53.5,144.0],[61.5,144.0],[69.5,144.0],[78.0,144.0],[78.0,152.5],[78.0,160.5],[78.0,168.5],[78.0,177.0],[69.5,177.0],[61.5,177.0],[61.5,185.5],[61.5,193.5],[69.5,193.5],[78.0,193.5],[78.0,201.5],[78.0,210.0],[69.5,210.0],[61.5,210.0],[61.5,218.5],[61.5,226.5],[61.5,234.5],[61.5,243.0],[69.5,243.0],[78.0,243.0],[78.0,234.5],[78.0,226.5],[86.5,226.5],[94.5,226.5],[94.5,218.5],[94.5,210.0],[94.5,201.5],[94.5,193.5],[94.5,185.5],[94.5,177.0],[94.5,168.5],[94.5,160.5],[94.5,152.5],[94.5,144.0],[102.5,144.0],[111.0,144.0],[111.0,152.5],[111.0,160.5],[111.0,168.5],[111.0,177.0],[119.5,177.0],[127.5,177.0],[127.5,185.5]]",2
/home/nvidia/users/ella/solve_a_maze_image/solve_a_maze_image/maze_data/maze_data_20260417_212507_736990/maze_043_size_31x31_seed_723993357/maze_31_31_723993357_DFS_final_step0069.png,"[[3.5,86.5],[12.0,86.5],[12.0,94.5],[20.5,94.5],[28.5,94.5],[36.5,94.5],[45.0,94.5],[45.0,102.5],[45.0,111.0],[36.5,111.0],[28.5,111.0],[20.5,111.0],[12.0,111.0],[12.0,119.5],[12.0,127.5],[20.5,127.5],[28.5,127.5],[28.5,135.5],[28.5,144.0],[36.5,144.0],[45.0,144.0],[53.5,144.0],[61.5,144.0],[69.5,144.0],[78.0,144.0],[78.0,152.5],[78.0,160.5],[78.0,168.5],[78.0,177.0],[69.5,177.0],[61.5,177.0],[61.5,185.5],[61.5,193.5],[69.5,193.5],[78.0,193.5],[78.0,201.5],[78.0,210.0],[69.5,210.0],[61.5,210.0],[61.5,218.5],[61.5,226.5],[61.5,234.5],[61.5,243.0],[69.5,243.0],[78.0,243.0],[78.0,234.5],[78.0,226.5],[86.5,226.5],[94.5,226.5],[94.5,218.5],[94.5,210.0],[94.5,201.5],[94.5,193.5],[94.5,185.5],[94.5,177.0],[94.5,168.5],[94.5,160.5],[94.5,152.5],[94.5,144.0],[102.5,144.0],[111.0,144.0],[111.0,152.5],[111.0,160.5],[111.0,168.5],[111.0,177.0],[119.5,177.0],[127.5,177.0],[127.5,185.5],[127.5,193.5]]",2
/home/nvidia/users/ella/solve_a_maze_image/solve_a_maze_image/maze_data/maze_data_20260417_212507_736990/maze_043_size_31x31_seed_723993357/maze_31_31_723993357_DFS_final_step0070.png,"[[3.5,86.5],[12.0,86.5],[12.0,94.5],[20.5,94.5],[28.5,94.5],[36.5,94.5],[45.0,94.5],[45.0,102.5],[45.0,111.0],[36.5,111.0],[28.5,111.0],[20.5,111.0],[12.0,111.0],[12.0,119.5],[12.0,127.5],[20.5,127.5],[28.5,127.5],[28.5,135.5],[28.5,144.0],[36.5,144.0],[45.0,144.0],[53.5,144.0],[61.5,144.0],[69.5,144.0],[78.0,144.0],[78.0,152.5],[78.0,160.5],[78.0,168.5],[78.0,177.0],[69.5,177.0],[61.5,177.0],[61.5,185.5],[61.5,193.5],[69.5,193.5],[78.0,193.5],[78.0,201.5],[78.0,210.0],[69.5,210.0],[61.5,210.0],[61.5,218.5],[61.5,226.5],[61.5,234.5],[61.5,243.0],[69.5,243.0],[78.0,243.0],[78.0,234.5],[78.0,226.5],[86.5,226.5],[94.5,226.5],[94.5,218.5],[94.5,210.0],[94.5,201.5],[94.5,193.5],[94.5,185.5],[94.5,177.0],[94.5,168.5],[94.5,160.5],[94.5,152.5],[94.5,144.0],[102.5,144.0],[111.0,144.0],[111.0,152.5],[111.0,160.5],[111.0,168.5],[111.0,177.0],[119.5,177.0],[127.5,177.0],[127.5,185.5],[127.5,193.5],[119.5,193.5]]",2
/home/nvidia/users/ella/solve_a_maze_image/solve_a_maze_image/maze_data/maze_data_20260417_212507_736990/maze_043_size_31x31_seed_723993357/maze_31_31_723993357_DFS_final_step0071.png,"[[3.5,86.5],[12.0,86.5],[12.0,94.5],[20.5,94.5],[28.5,94.5],[36.5,94.5],[45.0,94.5],[45.0,102.5],[45.0,111.0],[36.5,111.0],[28.5,111.0],[20.5,111.0],[12.0,111.0],[12.0,119.5],[12.0,127.5],[20.5,127.5],[28.5,127.5],[28.5,135.5],[28.5,144.0],[36.5,144.0],[45.0,144.0],[53.5,144.0],[61.5,144.0],[69.5,144.0],[78.0,144.0],[78.0,152.5],[78.0,160.5],[78.0,168.5],[78.0,177.0],[69.5,177.0],[61.5,177.0],[61.5,185.5],[61.5,193.5],[69.5,193.5],[78.0,193.5],[78.0,201.5],[78.0,210.0],[69.5,210.0],[61.5,210.0],[61.5,218.5],[61.5,226.5],[61.5,234.5],[61.5,243.0],[69.5,243.0],[78.0,243.0],[78.0,234.5],[78.0,226.5],[86.5,226.5],[94.5,226.5],[94.5,218.5],[94.5,210.0],[94.5,201.5],[94.5,193.5],[94.5,185.5],[94.5,177.0],[94.5,168.5],[94.5,160.5],[94.5,152.5],[94.5,144.0],[102.5,144.0],[111.0,144.0],[111.0,152.5],[111.0,160.5],[111.0,168.5],[111.0,177.0],[119.5,177.0],[127.5,177.0],[127.5,185.5],[127.5,193.5],[119.5,193.5],[111.0,193.5]]",2
/home/nvidia/users/ella/solve_a_maze_image/solve_a_maze_image/maze_data/maze_data_20260417_212507_736990/maze_043_size_31x31_seed_723993357/maze_31_31_723993357_DFS_final_step0072.png,"[[3.5,86.5],[12.0,86.5],[12.0,94.5],[20.5,94.5],[28.5,94.5],[36.5,94.5],[45.0,94.5],[45.0,102.5],[45.0,111.0],[36.5,111.0],[28.5,111.0],[20.5,111.0],[12.0,111.0],[12.0,119.5],[12.0,127.5],[20.5,127.5],[28.5,127.5],[28.5,135.5],[28.5,144.0],[36.5,144.0],[45.0,144.0],[53.5,144.0],[61.5,144.0],[69.5,144.0],[78.0,144.0],[78.0,152.5],[78.0,160.5],[78.0,168.5],[78.0,177.0],[69.5,177.0],[61.5,177.0],[61.5,185.5],[61.5,193.5],[69.5,193.5],[78.0,193.5],[78.0,201.5],[78.0,210.0],[69.5,210.0],[61.5,210.0],[61.5,218.5],[61.5,226.5],[61.5,234.5],[61.5,243.0],[69.5,243.0],[78.0,243.0],[78.0,234.5],[78.0,226.5],[86.5,226.5],[94.5,226.5],[94.5,218.5],[94.5,210.0],[94.5,201.5],[94.5,193.5],[94.5,185.5],[94.5,177.0],[94.5,168.5],[94.5,160.5],[94.5,152.5],[94.5,144.0],[102.5,144.0],[111.0,144.0],[111.0,152.5],[111.0,160.5],[111.0,168.5],[111.0,177.0],[119.5,177.0],[127.5,177.0],[127.5,185.5],[127.5,193.5],[119.5,193.5],[111.0,193.5],[111.0,201.5]]",2
/home/nvidia/users/ella/solve_a_maze_image/solve_a_maze_image/maze_data/maze_data_20260417_212507_736990/maze_043_size_31x31_seed_723993357/maze_31_31_723993357_DFS_final_step0073.png,"[[3.5,86.5],[12.0,86.5],[12.0,94.5],[20.5,94.5],[28.5,94.5],[36.5,94.5],[45.0,94.5],[45.0,102.5],[45.0,111.0],[36.5,111.0],[28.5,111.0],[20.5,111.0],[12.0,111.0],[12.0,119.5],[12.0,127.5],[20.5,127.5],[28.5,127.5],[28.5,135.5],[28.5,144.0],[36.5,144.0],[45.0,144.0],[53.5,144.0],[61.5,144.0],[69.5,144.0],[78.0,144.0],[78.0,152.5],[78.0,160.5],[78.0,168.5],[78.0,177.0],[69.5,177.0],[61.5,177.0],[61.5,185.5],[61.5,193.5],[69.5,193.5],[78.0,193.5],[78.0,201.5],[78.0,210.0],[69.5,210.0],[61.5,210.0],[61.5,218.5],[61.5,226.5],[61.5,234.5],[61.5,243.0],[69.5,243.0],[78.0,243.0],[78.0,234.5],[78.0,226.5],[86.5,226.5],[94.5,226.5],[94.5,218.5],[94.5,210.0],[94.5,201.5],[94.5,193.5],[94.5,185.5],[94.5,177.0],[94.5,168.5],[94.5,160.5],[94.5,152.5],[94.5,144.0],[102.5,144.0],[111.0,144.0],[111.0,152.5],[111.0,160.5],[111.0,168.5],[111.0,177.0],[119.5,177.0],[127.5,177.0],[127.5,185.5],[127.5,193.5],[119.5,193.5],[111.0,193.5],[111.0,201.5],[111.0,210.0]]",2
/home/nvidia/users/ella/solve_a_maze_image/solve_a_maze_image/maze_data/maze_data_20260417_212507_736990/maze_043_size_31x31_seed_723993357/maze_31_31_723993357_DFS_final_step0074.png,"[[3.5,86.5],[12.0,86.5],[12.0,94.5],[20.5,94.5],[28.5,94.5],[36.5,94.5],[45.0,94.5],[45.0,102.5],[45.0,111.0],[36.5,111.0],[28.5,111.0],[20.5,111.0],[12.0,111.0],[12.0,119.5],[12.0,127.5],[20.5,127.5],[28.5,127.5],[28.5,135.5],[28.5,144.0],[36.5,144.0],[45.0,144.0],[53.5,144.0],[61.5,144.0],[69.5,144.0],[78.0,144.0],[78.0,152.5],[78.0,160.5],[78.0,168.5],[78.0,177.0],[69.5,177.0],[61.5,177.0],[61.5,185.5],[61.5,193.5],[69.5,193.5],[78.0,193.5],[78.0,201.5],[78.0,210.0],[69.5,210.0],[61.5,210.0],[61.5,218.5],[61.5,226.5],[61.5,234.5],[61.5,243.0],[69.5,243.0],[78.0,243.0],[78.0,234.5],[78.0,226.5],[86.5,226.5],[94.5,226.5],[94.5,218.5],[94.5,210.0],[94.5,201.5],[94.5,193.5],[94.5,185.5],[94.5,177.0],[94.5,168.5],[94.5,160.5],[94.5,152.5],[94.5,144.0],[102.5,144.0],[111.0,144.0],[111.0,152.5],[111.0,160.5],[111.0,168.5],[111.0,177.0],[119.5,177.0],[127.5,177.0],[127.5,185.5],[127.5,193.5],[119.5,193.5],[111.0,193.5],[111.0,201.5],[111.0,210.0],[111.0,218.5]]",2
/home/nvidia/users/ella/solve_a_maze_image/solve_a_maze_image/maze_data/maze_data_20260417_212507_736990/maze_043_size_31x31_seed_723993357/maze_31_31_723993357_DFS_final_step0075.png,"[[3.5,86.5],[12.0,86.5],[12.0,94.5],[20.5,94.5],[28.5,94.5],[36.5,94.5],[45.0,94.5],[45.0,102.5],[45.0,111.0],[36.5,111.0],[28.5,111.0],[20.5,111.0],[12.0,111.0],[12.0,119.5],[12.0,127.5],[20.5,127.5],[28.5,127.5],[28.5,135.5],[28.5,144.0],[36.5,144.0],[45.0,144.0],[53.5,144.0],[61.5,144.0],[69.5,144.0],[78.0,144.0],[78.0,152.5],[78.0,160.5],[78.0,168.5],[78.0,177.0],[69.5,177.0],[61.5,177.0],[61.5,185.5],[61.5,193.5],[69.5,193.5],[78.0,193.5],[78.0,201.5],[78.0,210.0],[69.5,210.0],[61.5,210.0],[61.5,218.5],[61.5,226.5],[61.5,234.5],[61.5,243.0],[69.5,243.0],[78.0,243.0],[78.0,234.5],[78.0,226.5],[86.5,226.5],[94.5,226.5],[94.5,218.5],[94.5,210.0],[94.5,201.5],[94.5,193.5],[94.5,185.5],[94.5,177.0],[94.5,168.5],[94.5,160.5],[94.5,152.5],[94.5,144.0],[102.5,144.0],[111.0,144.0],[111.0,152.5],[111.0,160.5],[111.0,168.5],[111.0,177.0],[119.5,177.0],[127.5,177.0],[127.5,185.5],[127.5,193.5],[119.5,193.5],[111.0,193.5],[111.0,201.5],[111.0,210.0],[111.0,218.5],[111.0,226.5]]",2
/home/nvidia/users/ella/solve_a_maze_image/solve_a_maze_image/maze_data/maze_data_20260417_212507_736990/maze_043_size_31x31_seed_723993357/maze_31_31_723993357_DFS_final_step0076.png,"[[3.5,86.5],[12.0,86.5],[12.0,94.5],[20.5,94.5],[28.5,94.5],[36.5,94.5],[45.0,94.5],[45.0,102.5],[45.0,111.0],[36.5,111.0],[28.5,111.0],[20.5,111.0],[12.0,111.0],[12.0,119.5],[12.0,127.5],[20.5,127.5],[28.5,127.5],[28.5,135.5],[28.5,144.0],[36.5,144.0],[45.0,144.0],[53.5,144.0],[61.5,144.0],[69.5,144.0],[78.0,144.0],[78.0,152.5],[78.0,160.5],[78.0,168.5],[78.0,177.0],[69.5,177.0],[61.5,177.0],[61.5,185.5],[61.5,193.5],[69.5,193.5],[78.0,193.5],[78.0,201.5],[78.0,210.0],[69.5,210.0],[61.5,210.0],[61.5,218.5],[61.5,226.5],[61.5,234.5],[61.5,243.0],[69.5,243.0],[78.0,243.0],[78.0,234.5],[78.0,226.5],[86.5,226.5],[94.5,226.5],[94.5,218.5],[94.5,210.0],[94.5,201.5],[94.5,193.5],[94.5,185.5],[94.5,177.0],[94.5,168.5],[94.5,160.5],[94.5,152.5],[94.5,144.0],[102.5,144.0],[111.0,144.0],[111.0,152.5],[111.0,160.5],[111.0,168.5],[111.0,177.0],[119.5,177.0],[127.5,177.0],[127.5,185.5],[127.5,193.5],[119.5,193.5],[111.0,193.5],[111.0,201.5],[111.0,210.0],[111.0,218.5],[111.0,226.5],[111.0,234.5]]",2
/home/nvidia/users/ella/solve_a_maze_image/solve_a_maze_image/maze_data/maze_data_20260417_212507_736990/maze_043_size_31x31_seed_723993357/maze_31_31_723993357_DFS_final_step0077.png,"[[3.5,86.5],[12.0,86.5],[12.0,94.5],[20.5,94.5],[28.5,94.5],[36.5,94.5],[45.0,94.5],[45.0,102.5],[45.0,111.0],[36.5,111.0],[28.5,111.0],[20.5,111.0],[12.0,111.0],[12.0,119.5],[12.0,127.5],[20.5,127.5],[28.5,127.5],[28.5,135.5],[28.5,144.0],[36.5,144.0],[45.0,144.0],[53.5,144.0],[61.5,144.0],[69.5,144.0],[78.0,144.0],[78.0,152.5],[78.0,160.5],[78.0,168.5],[78.0,177.0],[69.5,177.0],[61.5,177.0],[61.5,185.5],[61.5,193.5],[69.5,193.5],[78.0,193.5],[78.0,201.5],[78.0,210.0],[69.5,210.0],[61.5,210.0],[61.5,218.5],[61.5,226.5],[61.5,234.5],[61.5,243.0],[69.5,243.0],[78.0,243.0],[78.0,234.5],[78.0,226.5],[86.5,226.5],[94.5,226.5],[94.5,218.5],[94.5,210.0],[94.5,201.5],[94.5,193.5],[94.5,185.5],[94.5,177.0],[94.5,168.5],[94.5,160.5],[94.5,152.5],[94.5,144.0],[102.5,144.0],[111.0,144.0],[111.0,152.5],[111.0,160.5],[111.0,168.5],[111.0,177.0],[119.5,177.0],[127.5,177.0],[127.5,185.5],[127.5,193.5],[119.5,193.5],[111.0,193.5],[111.0,201.5],[111.0,210.0],[111.0,218.5],[111.0,226.5],[111.0,234.5],[111.0,243.0]]",2
/home/nvidia/users/ella/solve_a_maze_image/solve_a_maze_image/maze_data/maze_data_20260417_212507_736990/maze_043_size_31x31_seed_723993357/maze_31_31_723993357_DFS_final_step0078.png,"[[3.5,86.5],[12.0,86.5],[12.0,94.5],[20.5,94.5],[28.5,94.5],[36.5,94.5],[45.0,94.5],[45.0,102.5],[45.0,111.0],[36.5,111.0],[28.5,111.0],[20.5,111.0],[12.0,111.0],[12.0,119.5],[12.0,127.5],[20.5,127.5],[28.5,127.5],[28.5,135.5],[28.5,144.0],[36.5,144.0],[45.0,144.0],[53.5,144.0],[61.5,144.0],[69.5,144.0],[78.0,144.0],[78.0,152.5],[78.0,160.5],[78.0,168.5],[78.0,177.0],[69.5,177.0],[61.5,177.0],[61.5,185.5],[61.5,193.5],[69.5,193.5],[78.0,193.5],[78.0,201.5],[78.0,210.0],[69.5,210.0],[61.5,210.0],[61.5,218.5],[61.5,226.5],[61.5,234.5],[61.5,243.0],[69.5,243.0],[78.0,243.0],[78.0,234.5],[78.0,226.5],[86.5,226.5],[94.5,226.5],[94.5,218.5],[94.5,210.0],[94.5,201.5],[94.5,193.5],[94.5,185.5],[94.5,177.0],[94.5,168.5],[94.5,160.5],[94.5,152.5],[94.5,144.0],[102.5,144.0],[111.0,144.0],[111.0,152.5],[111.0,160.5],[111.0,168.5],[111.0,177.0],[119.5,177.0],[127.5,177.0],[127.5,185.5],[127.5,193.5],[119.5,193.5],[111.0,193.5],[111.0,201.5],[111.0,210.0],[111.0,218.5],[111.0,226.5],[111.0,234.5],[111.0,243.0],[119.5,243.0]]",2
/home/nvidia/users/ella/solve_a_maze_image/solve_a_maze_image/maze_data/maze_data_20260417_212507_736990/maze_043_size_31x31_seed_723993357/maze_31_31_723993357_DFS_final_step0079.png,"[[3.5,86.5],[12.0,86.5],[12.0,94.5],[20.5,94.5],[28.5,94.5],[36.5,94.5],[45.0,94.5],[45.0,102.5],[45.0,111.0],[36.5,111.0],[28.5,111.0],[20.5,111.0],[12.0,111.0],[12.0,119.5],[12.0,127.5],[20.5,127.5],[28.5,127.5],[28.5,135.5],[28.5,144.0],[36.5,144.0],[45.0,144.0],[53.5,144.0],[61.5,144.0],[69.5,144.0],[78.0,144.0],[78.0,152.5],[78.0,160.5],[78.0,168.5],[78.0,177.0],[69.5,177.0],[61.5,177.0],[61.5,185.5],[61.5,193.5],[69.5,193.5],[78.0,193.5],[78.0,201.5],[78.0,210.0],[69.5,210.0],[61.5,210.0],[61.5,218.5],[61.5,226.5],[61.5,234.5],[61.5,243.0],[69.5,243.0],[78.0,243.0],[78.0,234.5],[78.0,226.5],[86.5,226.5],[94.5,226.5],[94.5,218.5],[94.5,210.0],[94.5,201.5],[94.5,193.5],[94.5,185.5],[94.5,177.0],[94.5,168.5],[94.5,160.5],[94.5,152.5],[94.5,144.0],[102.5,144.0],[111.0,144.0],[111.0,152.5],[111.0,160.5],[111.0,168.5],[111.0,177.0],[119.5,177.0],[127.5,177.0],[127.5,185.5],[127.5,193.5],[119.5,193.5],[111.0,193.5],[111.0,201.5],[111.0,210.0],[111.0,218.5],[111.0,226.5],[111.0,234.5],[111.0,243.0],[119.5,243.0],[127.5,243.0]]",2
/home/nvidia/users/ella/solve_a_maze_image/solve_a_maze_image/maze_data/maze_data_20260417_212507_736990/maze_043_size_31x31_seed_723993357/maze_31_31_723993357_DFS_final_step0080.png,"[[3.5,86.5],[12.0,86.5],[12.0,94.5],[20.5,94.5],[28.5,94.5],[36.5,94.5],[45.0,94.5],[45.0,102.5],[45.0,111.0],[36.5,111.0],[28.5,111.0],[20.5,111.0],[12.0,111.0],[12.0,119.5],[12.0,127.5],[20.5,127.5],[28.5,127.5],[28.5,135.5],[28.5,144.0],[36.5,144.0],[45.0,144.0],[53.5,144.0],[61.5,144.0],[69.5,144.0],[78.0,144.0],[78.0,152.5],[78.0,160.5],[78.0,168.5],[78.0,177.0],[69.5,177.0],[61.5,177.0],[61.5,185.5],[61.5,193.5],[69.5,193.5],[78.0,193.5],[78.0,201.5],[78.0,210.0],[69.5,210.0],[61.5,210.0],[61.5,218.5],[61.5,226.5],[61.5,234.5],[61.5,243.0],[69.5,243.0],[78.0,243.0],[78.0,234.5],[78.0,226.5],[86.5,226.5],[94.5,226.5],[94.5,218.5],[94.5,210.0],[94.5,201.5],[94.5,193.5],[94.5,185.5],[94.5,177.0],[94.5,168.5],[94.5,160.5],[94.5,152.5],[94.5,144.0],[102.5,144.0],[111.0,144.0],[111.0,152.5],[111.0,160.5],[111.0,168.5],[111.0,177.0],[119.5,177.0],[127.5,177.0],[127.5,185.5],[127.5,193.5],[119.5,193.5],[111.0,193.5],[111.0,201.5],[111.0,210.0],[111.0,218.5],[111.0,226.5],[111.0,234.5],[111.0,243.0],[119.5,243.0],[127.5,243.0],[135.5,243.0]]",2
/home/nvidia/users/ella/solve_a_maze_image/solve_a_maze_image/maze_data/maze_data_20260417_212507_736990/maze_043_size_31x31_seed_723993357/maze_31_31_723993357_DFS_final_step0081.png,"[[3.5,86.5],[12.0,86.5],[12.0,94.5],[20.5,94.5],[28.5,94.5],[36.5,94.5],[45.0,94.5],[45.0,102.5],[45.0,111.0],[36.5,111.0],[28.5,111.0],[20.5,111.0],[12.0,111.0],[12.0,119.5],[12.0,127.5],[20.5,127.5],[28.5,127.5],[28.5,135.5],[28.5,144.0],[36.5,144.0],[45.0,144.0],[53.5,144.0],[61.5,144.0],[69.5,144.0],[78.0,144.0],[78.0,152.5],[78.0,160.5],[78.0,168.5],[78.0,177.0],[69.5,177.0],[61.5,177.0],[61.5,185.5],[61.5,193.5],[69.5,193.5],[78.0,193.5],[78.0,201.5],[78.0,210.0],[69.5,210.0],[61.5,210.0],[61.5,218.5],[61.5,226.5],[61.5,234.5],[61.5,243.0],[69.5,243.0],[78.0,243.0],[78.0,234.5],[78.0,226.5],[86.5,226.5],[94.5,226.5],[94.5,218.5],[94.5,210.0],[94.5,201.5],[94.5,193.5],[94.5,185.5],[94.5,177.0],[94.5,168.5],[94.5,160.5],[94.5,152.5],[94.5,144.0],[102.5,144.0],[111.0,144.0],[111.0,152.5],[111.0,160.5],[111.0,168.5],[111.0,177.0],[119.5,177.0],[127.5,177.0],[127.5,185.5],[127.5,193.5],[119.5,193.5],[111.0,193.5],[111.0,201.5],[111.0,210.0],[111.0,218.5],[111.0,226.5],[111.0,234.5],[111.0,243.0],[119.5,243.0],[127.5,243.0],[135.5,243.0],[144.0,243.0]]",2
/home/nvidia/users/ella/solve_a_maze_image/solve_a_maze_image/maze_data/maze_data_20260417_212507_736990/maze_043_size_31x31_seed_723993357/maze_31_31_723993357_DFS_final_step0082.png,"[[3.5,86.5],[12.0,86.5],[12.0,94.5],[20.5,94.5],[28.5,94.5],[36.5,94.5],[45.0,94.5],[45.0,102.5],[45.0,111.0],[36.5,111.0],[28.5,111.0],[20.5,111.0],[12.0,111.0],[12.0,119.5],[12.0,127.5],[20.5,127.5],[28.5,127.5],[28.5,135.5],[28.5,144.0],[36.5,144.0],[45.0,144.0],[53.5,144.0],[61.5,144.0],[69.5,144.0],[78.0,144.0],[78.0,152.5],[78.0,160.5],[78.0,168.5],[78.0,177.0],[69.5,177.0],[61.5,177.0],[61.5,185.5],[61.5,193.5],[69.5,193.5],[78.0,193.5],[78.0,201.5],[78.0,210.0],[69.5,210.0],[61.5,210.0],[61.5,218.5],[61.5,226.5],[61.5,234.5],[61.5,243.0],[69.5,243.0],[78.0,243.0],[78.0,234.5],[78.0,226.5],[86.5,226.5],[94.5,226.5],[94.5,218.5],[94.5,210.0],[94.5,201.5],[94.5,193.5],[94.5,185.5],[94.5,177.0],[94.5,168.5],[94.5,160.5],[94.5,152.5],[94.5,144.0],[102.5,144.0],[111.0,144.0],[111.0,152.5],[111.0,160.5],[111.0,168.5],[111.0,177.0],[119.5,177.0],[127.5,177.0],[127.5,185.5],[127.5,193.5],[119.5,193.5],[111.0,193.5],[111.0,201.5],[111.0,210.0],[111.0,218.5],[111.0,226.5],[111.0,234.5],[111.0,243.0],[119.5,243.0],[127.5,243.0],[135.5,243.0],[144.0,243.0],[144.0,234.5]]",2
/home/nvidia/users/ella/solve_a_maze_image/solve_a_maze_image/maze_data/maze_data_20260417_212507_736990/maze_043_size_31x31_seed_723993357/maze_31_31_723993357_DFS_final_step0083.png,"[[3.5,86.5],[12.0,86.5],[12.0,94.5],[20.5,94.5],[28.5,94.5],[36.5,94.5],[45.0,94.5],[45.0,102.5],[45.0,111.0],[36.5,111.0],[28.5,111.0],[20.5,111.0],[12.0,111.0],[12.0,119.5],[12.0,127.5],[20.5,127.5],[28.5,127.5],[28.5,135.5],[28.5,144.0],[36.5,144.0],[45.0,144.0],[53.5,144.0],[61.5,144.0],[69.5,144.0],[78.0,144.0],[78.0,152.5],[78.0,160.5],[78.0,168.5],[78.0,177.0],[69.5,177.0],[61.5,177.0],[61.5,185.5],[61.5,193.5],[69.5,193.5],[78.0,193.5],[78.0,201.5],[78.0,210.0],[69.5,210.0],[61.5,210.0],[61.5,218.5],[61.5,226.5],[61.5,234.5],[61.5,243.0],[69.5,243.0],[78.0,243.0],[78.0,234.5],[78.0,226.5],[86.5,226.5],[94.5,226.5],[94.5,218.5],[94.5,210.0],[94.5,201.5],[94.5,193.5],[94.5,185.5],[94.5,177.0],[94.5,168.5],[94.5,160.5],[94.5,152.5],[94.5,144.0],[102.5,144.0],[111.0,144.0],[111.0,152.5],[111.0,160.5],[111.0,168.5],[111.0,177.0],[119.5,177.0],[127.5,177.0],[127.5,185.5],[127.5,193.5],[119.5,193.5],[111.0,193.5],[111.0,201.5],[111.0,210.0],[111.0,218.5],[111.0,226.5],[111.0,234.5],[111.0,243.0],[119.5,243.0],[127.5,243.0],[135.5,243.0],[144.0,243.0],[144.0,234.5],[144.0,226.5]]",2
/home/nvidia/users/ella/solve_a_maze_image/solve_a_maze_image/maze_data/maze_data_20260417_212507_736990/maze_043_size_31x31_seed_723993357/maze_31_31_723993357_DFS_final_step0084.png,"[[3.5,86.5],[12.0,86.5],[12.0,94.5],[20.5,94.5],[28.5,94.5],[36.5,94.5],[45.0,94.5],[45.0,102.5],[45.0,111.0],[36.5,111.0],[28.5,111.0],[20.5,111.0],[12.0,111.0],[12.0,119.5],[12.0,127.5],[20.5,127.5],[28.5,127.5],[28.5,135.5],[28.5,144.0],[36.5,144.0],[45.0,144.0],[53.5,144.0],[61.5,144.0],[69.5,144.0],[78.0,144.0],[78.0,152.5],[78.0,160.5],[78.0,168.5],[78.0,177.0],[69.5,177.0],[61.5,177.0],[61.5,185.5],[61.5,193.5],[69.5,193.5],[78.0,193.5],[78.0,201.5],[78.0,210.0],[69.5,210.0],[61.5,210.0],[61.5,218.5],[61.5,226.5],[61.5,234.5],[61.5,243.0],[69.5,243.0],[78.0,243.0],[78.0,234.5],[78.0,226.5],[86.5,226.5],[94.5,226.5],[94.5,218.5],[94.5,210.0],[94.5,201.5],[94.5,193.5],[94.5,185.5],[94.5,177.0],[94.5,168.5],[94.5,160.5],[94.5,152.5],[94.5,144.0],[102.5,144.0],[111.0,144.0],[111.0,152.5],[111.0,160.5],[111.0,168.5],[111.0,177.0],[119.5,177.0],[127.5,177.0],[127.5,185.5],[127.5,193.5],[119.5,193.5],[111.0,193.5],[111.0,201.5],[111.0,210.0],[111.0,218.5],[111.0,226.5],[111.0,234.5],[111.0,243.0],[119.5,243.0],[127.5,243.0],[135.5,243.0],[144.0,243.0],[144.0,234.5],[144.0,226.5],[152.5,226.5]]",2
/home/nvidia/users/ella/solve_a_maze_image/solve_a_maze_image/maze_data/maze_data_20260417_212507_736990/maze_043_size_31x31_seed_723993357/maze_31_31_723993357_DFS_final_step0085.png,"[[3.5,86.5],[12.0,86.5],[12.0,94.5],[20.5,94.5],[28.5,94.5],[36.5,94.5],[45.0,94.5],[45.0,102.5],[45.0,111.0],[36.5,111.0],[28.5,111.0],[20.5,111.0],[12.0,111.0],[12.0,119.5],[12.0,127.5],[20.5,127.5],[28.5,127.5],[28.5,135.5],[28.5,144.0],[36.5,144.0],[45.0,144.0],[53.5,144.0],[61.5,144.0],[69.5,144.0],[78.0,144.0],[78.0,152.5],[78.0,160.5],[78.0,168.5],[78.0,177.0],[69.5,177.0],[61.5,177.0],[61.5,185.5],[61.5,193.5],[69.5,193.5],[78.0,193.5],[78.0,201.5],[78.0,210.0],[69.5,210.0],[61.5,210.0],[61.5,218.5],[61.5,226.5],[61.5,234.5],[61.5,243.0],[69.5,243.0],[78.0,243.0],[78.0,234.5],[78.0,226.5],[86.5,226.5],[94.5,226.5],[94.5,218.5],[94.5,210.0],[94.5,201.5],[94.5,193.5],[94.5,185.5],[94.5,177.0],[94.5,168.5],[94.5,160.5],[94.5,152.5],[94.5,144.0],[102.5,144.0],[111.0,144.0],[111.0,152.5],[111.0,160.5],[111.0,168.5],[111.0,177.0],[119.5,177.0],[127.5,177.0],[127.5,185.5],[127.5,193.5],[119.5,193.5],[111.0,193.5],[111.0,201.5],[111.0,210.0],[111.0,218.5],[111.0,226.5],[111.0,234.5],[111.0,243.0],[119.5,243.0],[127.5,243.0],[135.5,243.0],[144.0,243.0],[144.0,234.5],[144.0,226.5],[152.5,226.5],[160.5,226.5]]",2
/home/nvidia/users/ella/solve_a_maze_image/solve_a_maze_image/maze_data/maze_data_20260417_212507_736990/maze_043_size_31x31_seed_723993357/maze_31_31_723993357_DFS_final_step0086.png,"[[3.5,86.5],[12.0,86.5],[12.0,94.5],[20.5,94.5],[28.5,94.5],[36.5,94.5],[45.0,94.5],[45.0,102.5],[45.0,111.0],[36.5,111.0],[28.5,111.0],[20.5,111.0],[12.0,111.0],[12.0,119.5],[12.0,127.5],[20.5,127.5],[28.5,127.5],[28.5,135.5],[28.5,144.0],[36.5,144.0],[45.0,144.0],[53.5,144.0],[61.5,144.0],[69.5,144.0],[78.0,144.0],[78.0,152.5],[78.0,160.5],[78.0,168.5],[78.0,177.0],[69.5,177.0],[61.5,177.0],[61.5,185.5],[61.5,193.5],[69.5,193.5],[78.0,193.5],[78.0,201.5],[78.0,210.0],[69.5,210.0],[61.5,210.0],[61.5,218.5],[61.5,226.5],[61.5,234.5],[61.5,243.0],[69.5,243.0],[78.0,243.0],[78.0,234.5],[78.0,226.5],[86.5,226.5],[94.5,226.5],[94.5,218.5],[94.5,210.0],[94.5,201.5],[94.5,193.5],[94.5,185.5],[94.5,177.0],[94.5,168.5],[94.5,160.5],[94.5,152.5],[94.5,144.0],[102.5,144.0],[111.0,144.0],[111.0,152.5],[111.0,160.5],[111.0,168.5],[111.0,177.0],[119.5,177.0],[127.5,177.0],[127.5,185.5],[127.5,193.5],[119.5,193.5],[111.0,193.5],[111.0,201.5],[111.0,210.0],[111.0,218.5],[111.0,226.5],[111.0,234.5],[111.0,243.0],[119.5,243.0],[127.5,243.0],[135.5,243.0],[144.0,243.0],[144.0,234.5],[144.0,226.5],[152.5,226.5],[160.5,226.5],[160.5,218.5]]",2
/home/nvidia/users/ella/solve_a_maze_image/solve_a_maze_image/maze_data/maze_data_20260417_212507_736990/maze_043_size_31x31_seed_723993357/maze_31_31_723993357_DFS_final_step0087.png,"[[3.5,86.5],[12.0,86.5],[12.0,94.5],[20.5,94.5],[28.5,94.5],[36.5,94.5],[45.0,94.5],[45.0,102.5],[45.0,111.0],[36.5,111.0],[28.5,111.0],[20.5,111.0],[12.0,111.0],[12.0,119.5],[12.0,127.5],[20.5,127.5],[28.5,127.5],[28.5,135.5],[28.5,144.0],[36.5,144.0],[45.0,144.0],[53.5,144.0],[61.5,144.0],[69.5,144.0],[78.0,144.0],[78.0,152.5],[78.0,160.5],[78.0,168.5],[78.0,177.0],[69.5,177.0],[61.5,177.0],[61.5,185.5],[61.5,193.5],[69.5,193.5],[78.0,193.5],[78.0,201.5],[78.0,210.0],[69.5,210.0],[61.5,210.0],[61.5,218.5],[61.5,226.5],[61.5,234.5],[61.5,243.0],[69.5,243.0],[78.0,243.0],[78.0,234.5],[78.0,226.5],[86.5,226.5],[94.5,226.5],[94.5,218.5],[94.5,210.0],[94.5,201.5],[94.5,193.5],[94.5,185.5],[94.5,177.0],[94.5,168.5],[94.5,160.5],[94.5,152.5],[94.5,144.0],[102.5,144.0],[111.0,144.0],[111.0,152.5],[111.0,160.5],[111.0,168.5],[111.0,177.0],[119.5,177.0],[127.5,177.0],[127.5,185.5],[127.5,193.5],[119.5,193.5],[111.0,193.5],[111.0,201.5],[111.0,210.0],[111.0,218.5],[111.0,226.5],[111.0,234.5],[111.0,243.0],[119.5,243.0],[127.5,243.0],[135.5,243.0],[144.0,243.0],[144.0,234.5],[144.0,226.5],[152.5,226.5],[160.5,226.5],[160.5,218.5],[160.5,210.0]]",2
/home/nvidia/users/ella/solve_a_maze_image/solve_a_maze_image/maze_data/maze_data_20260417_212507_736990/maze_043_size_31x31_seed_723993357/maze_31_31_723993357_DFS_final_step0088.png,"[[3.5,86.5],[12.0,86.5],[12.0,94.5],[20.5,94.5],[28.5,94.5],[36.5,94.5],[45.0,94.5],[45.0,102.5],[45.0,111.0],[36.5,111.0],[28.5,111.0],[20.5,111.0],[12.0,111.0],[12.0,119.5],[12.0,127.5],[20.5,127.5],[28.5,127.5],[28.5,135.5],[28.5,144.0],[36.5,144.0],[45.0,144.0],[53.5,144.0],[61.5,144.0],[69.5,144.0],[78.0,144.0],[78.0,152.5],[78.0,160.5],[78.0,168.5],[78.0,177.0],[69.5,177.0],[61.5,177.0],[61.5,185.5],[61.5,193.5],[69.5,193.5],[78.0,193.5],[78.0,201.5],[78.0,210.0],[69.5,210.0],[61.5,210.0],[61.5,218.5],[61.5,226.5],[61.5,234.5],[61.5,243.0],[69.5,243.0],[78.0,243.0],[78.0,234.5],[78.0,226.5],[86.5,226.5],[94.5,226.5],[94.5,218.5],[94.5,210.0],[94.5,201.5],[94.5,193.5],[94.5,185.5],[94.5,177.0],[94.5,168.5],[94.5,160.5],[94.5,152.5],[94.5,144.0],[102.5,144.0],[111.0,144.0],[111.0,152.5],[111.0,160.5],[111.0,168.5],[111.0,177.0],[119.5,177.0],[127.5,177.0],[127.5,185.5],[127.5,193.5],[119.5,193.5],[111.0,193.5],[111.0,201.5],[111.0,210.0],[111.0,218.5],[111.0,226.5],[111.0,234.5],[111.0,243.0],[119.5,243.0],[127.5,243.0],[135.5,243.0],[144.0,243.0],[144.0,234.5],[144.0,226.5],[152.5,226.5],[160.5,226.5],[160.5,218.5],[160.5,210.0],[168.5,210.0]]",2
/home/nvidia/users/ella/solve_a_maze_image/solve_a_maze_image/maze_data/maze_data_20260417_212507_736990/maze_043_size_31x31_seed_723993357/maze_31_31_723993357_DFS_final_step0089.png,"[[3.5,86.5],[12.0,86.5],[12.0,94.5],[20.5,94.5],[28.5,94.5],[36.5,94.5],[45.0,94.5],[45.0,102.5],[45.0,111.0],[36.5,111.0],[28.5,111.0],[20.5,111.0],[12.0,111.0],[12.0,119.5],[12.0,127.5],[20.5,127.5],[28.5,127.5],[28.5,135.5],[28.5,144.0],[36.5,144.0],[45.0,144.0],[53.5,144.0],[61.5,144.0],[69.5,144.0],[78.0,144.0],[78.0,152.5],[78.0,160.5],[78.0,168.5],[78.0,177.0],[69.5,177.0],[61.5,177.0],[61.5,185.5],[61.5,193.5],[69.5,193.5],[78.0,193.5],[78.0,201.5],[78.0,210.0],[69.5,210.0],[61.5,210.0],[61.5,218.5],[61.5,226.5],[61.5,234.5],[61.5,243.0],[69.5,243.0],[78.0,243.0],[78.0,234.5],[78.0,226.5],[86.5,226.5],[94.5,226.5],[94.5,218.5],[94.5,210.0],[94.5,201.5],[94.5,193.5],[94.5,185.5],[94.5,177.0],[94.5,168.5],[94.5,160.5],[94.5,152.5],[94.5,144.0],[102.5,144.0],[111.0,144.0],[111.0,152.5],[111.0,160.5],[111.0,168.5],[111.0,177.0],[119.5,177.0],[127.5,177.0],[127.5,185.5],[127.5,193.5],[119.5,193.5],[111.0,193.5],[111.0,201.5],[111.0,210.0],[111.0,218.5],[111.0,226.5],[111.0,234.5],[111.0,243.0],[119.5,243.0],[127.5,243.0],[135.5,243.0],[144.0,243.0],[144.0,234.5],[144.0,226.5],[152.5,226.5],[160.5,226.5],[160.5,218.5],[160.5,210.0],[168.5,210.0],[177.0,210.0]]",2
/home/nvidia/users/ella/solve_a_maze_image/solve_a_maze_image/maze_data/maze_data_20260417_212507_736990/maze_043_size_31x31_seed_723993357/maze_31_31_723993357_DFS_final_step0090.png,"[[3.5,86.5],[12.0,86.5],[12.0,94.5],[20.5,94.5],[28.5,94.5],[36.5,94.5],[45.0,94.5],[45.0,102.5],[45.0,111.0],[36.5,111.0],[28.5,111.0],[20.5,111.0],[12.0,111.0],[12.0,119.5],[12.0,127.5],[20.5,127.5],[28.5,127.5],[28.5,135.5],[28.5,144.0],[36.5,144.0],[45.0,144.0],[53.5,144.0],[61.5,144.0],[69.5,144.0],[78.0,144.0],[78.0,152.5],[78.0,160.5],[78.0,168.5],[78.0,177.0],[69.5,177.0],[61.5,177.0],[61.5,185.5],[61.5,193.5],[69.5,193.5],[78.0,193.5],[78.0,201.5],[78.0,210.0],[69.5,210.0],[61.5,210.0],[61.5,218.5],[61.5,226.5],[61.5,234.5],[61.5,243.0],[69.5,243.0],[78.0,243.0],[78.0,234.5],[78.0,226.5],[86.5,226.5],[94.5,226.5],[94.5,218.5],[94.5,210.0],[94.5,201.5],[94.5,193.5],[94.5,185.5],[94.5,177.0],[94.5,168.5],[94.5,160.5],[94.5,152.5],[94.5,144.0],[102.5,144.0],[111.0,144.0],[111.0,152.5],[111.0,160.5],[111.0,168.5],[111.0,177.0],[119.5,177.0],[127.5,177.0],[127.5,185.5],[127.5,193.5],[119.5,193.5],[111.0,193.5],[111.0,201.5],[111.0,210.0],[111.0,218.5],[111.0,226.5],[111.0,234.5],[111.0,243.0],[119.5,243.0],[127.5,243.0],[135.5,243.0],[144.0,243.0],[144.0,234.5],[144.0,226.5],[152.5,226.5],[160.5,226.5],[160.5,218.5],[160.5,210.0],[168.5,210.0],[177.0,210.0],[177.0,201.5]]",2
/home/nvidia/users/ella/solve_a_maze_image/solve_a_maze_image/maze_data/maze_data_20260417_212507_736990/maze_043_size_31x31_seed_723993357/maze_31_31_723993357_DFS_final_step0091.png,"[[3.5,86.5],[12.0,86.5],[12.0,94.5],[20.5,94.5],[28.5,94.5],[36.5,94.5],[45.0,94.5],[45.0,102.5],[45.0,111.0],[36.5,111.0],[28.5,111.0],[20.5,111.0],[12.0,111.0],[12.0,119.5],[12.0,127.5],[20.5,127.5],[28.5,127.5],[28.5,135.5],[28.5,144.0],[36.5,144.0],[45.0,144.0],[53.5,144.0],[61.5,144.0],[69.5,144.0],[78.0,144.0],[78.0,152.5],[78.0,160.5],[78.0,168.5],[78.0,177.0],[69.5,177.0],[61.5,177.0],[61.5,185.5],[61.5,193.5],[69.5,193.5],[78.0,193.5],[78.0,201.5],[78.0,210.0],[69.5,210.0],[61.5,210.0],[61.5,218.5],[61.5,226.5],[61.5,234.5],[61.5,243.0],[69.5,243.0],[78.0,243.0],[78.0,234.5],[78.0,226.5],[86.5,226.5],[94.5,226.5],[94.5,218.5],[94.5,210.0],[94.5,201.5],[94.5,193.5],[94.5,185.5],[94.5,177.0],[94.5,168.5],[94.5,160.5],[94.5,152.5],[94.5,144.0],[102.5,144.0],[111.0,144.0],[111.0,152.5],[111.0,160.5],[111.0,168.5],[111.0,177.0],[119.5,177.0],[127.5,177.0],[127.5,185.5],[127.5,193.5],[119.5,193.5],[111.0,193.5],[111.0,201.5],[111.0,210.0],[111.0,218.5],[111.0,226.5],[111.0,234.5],[111.0,243.0],[119.5,243.0],[127.5,243.0],[135.5,243.0],[144.0,243.0],[144.0,234.5],[144.0,226.5],[152.5,226.5],[160.5,226.5],[160.5,218.5],[160.5,210.0],[168.5,210.0],[177.0,210.0],[177.0,201.5],[177.0,193.5]]",2
/home/nvidia/users/ella/solve_a_maze_image/solve_a_maze_image/maze_data/maze_data_20260417_212507_736990/maze_043_size_31x31_seed_723993357/maze_31_31_723993357_DFS_final_step0092.png,"[[3.5,86.5],[12.0,86.5],[12.0,94.5],[20.5,94.5],[28.5,94.5],[36.5,94.5],[45.0,94.5],[45.0,102.5],[45.0,111.0],[36.5,111.0],[28.5,111.0],[20.5,111.0],[12.0,111.0],[12.0,119.5],[12.0,127.5],[20.5,127.5],[28.5,127.5],[28.5,135.5],[28.5,144.0],[36.5,144.0],[45.0,144.0],[53.5,144.0],[61.5,144.0],[69.5,144.0],[78.0,144.0],[78.0,152.5],[78.0,160.5],[78.0,168.5],[78.0,177.0],[69.5,177.0],[61.5,177.0],[61.5,185.5],[61.5,193.5],[69.5,193.5],[78.0,193.5],[78.0,201.5],[78.0,210.0],[69.5,210.0],[61.5,210.0],[61.5,218.5],[61.5,226.5],[61.5,234.5],[61.5,243.0],[69.5,243.0],[78.0,243.0],[78.0,234.5],[78.0,226.5],[86.5,226.5],[94.5,226.5],[94.5,218.5],[94.5,210.0],[94.5,201.5],[94.5,193.5],[94.5,185.5],[94.5,177.0],[94.5,168.5],[94.5,160.5],[94.5,152.5],[94.5,144.0],[102.5,144.0],[111.0,144.0],[111.0,152.5],[111.0,160.5],[111.0,168.5],[111.0,177.0],[119.5,177.0],[127.5,177.0],[127.5,185.5],[127.5,193.5],[119.5,193.5],[111.0,193.5],[111.0,201.5],[111.0,210.0],[111.0,218.5],[111.0,226.5],[111.0,234.5],[111.0,243.0],[119.5,243.0],[127.5,243.0],[135.5,243.0],[144.0,243.0],[144.0,234.5],[144.0,226.5],[152.5,226.5],[160.5,226.5],[160.5,218.5],[160.5,210.0],[168.5,210.0],[177.0,210.0],[177.0,201.5],[177.0,193.5],[177.0,185.5]]",2
/home/nvidia/users/ella/solve_a_maze_image/solve_a_maze_image/maze_data/maze_data_20260417_212507_736990/maze_043_size_31x31_seed_723993357/maze_31_31_723993357_DFS_final_step0093.png,"[[3.5,86.5],[12.0,86.5],[12.0,94.5],[20.5,94.5],[28.5,94.5],[36.5,94.5],[45.0,94.5],[45.0,102.5],[45.0,111.0],[36.5,111.0],[28.5,111.0],[20.5,111.0],[12.0,111.0],[12.0,119.5],[12.0,127.5],[20.5,127.5],[28.5,127.5],[28.5,135.5],[28.5,144.0],[36.5,144.0],[45.0,144.0],[53.5,144.0],[61.5,144.0],[69.5,144.0],[78.0,144.0],[78.0,152.5],[78.0,160.5],[78.0,168.5],[78.0,177.0],[69.5,177.0],[61.5,177.0],[61.5,185.5],[61.5,193.5],[69.5,193.5],[78.0,193.5],[78.0,201.5],[78.0,210.0],[69.5,210.0],[61.5,210.0],[61.5,218.5],[61.5,226.5],[61.5,234.5],[61.5,243.0],[69.5,243.0],[78.0,243.0],[78.0,234.5],[78.0,226.5],[86.5,226.5],[94.5,226.5],[94.5,218.5],[94.5,210.0],[94.5,201.5],[94.5,193.5],[94.5,185.5],[94.5,177.0],[94.5,168.5],[94.5,160.5],[94.5,152.5],[94.5,144.0],[102.5,144.0],[111.0,144.0],[111.0,152.5],[111.0,160.5],[111.0,168.5],[111.0,177.0],[119.5,177.0],[127.5,177.0],[127.5,185.5],[127.5,193.5],[119.5,193.5],[111.0,193.5],[111.0,201.5],[111.0,210.0],[111.0,218.5],[111.0,226.5],[111.0,234.5],[111.0,243.0],[119.5,243.0],[127.5,243.0],[135.5,243.0],[144.0,243.0],[144.0,234.5],[144.0,226.5],[152.5,226.5],[160.5,226.5],[160.5,218.5],[160.5,210.0],[168.5,210.0],[177.0,210.0],[177.0,201.5],[177.0,193.5],[177.0,185.5],[177.0,177.0]]",2
/home/nvidia/users/ella/solve_a_maze_image/solve_a_maze_image/maze_data/maze_data_20260417_212507_736990/maze_043_size_31x31_seed_723993357/maze_31_31_723993357_DFS_final_step0094.png,"[[3.5,86.5],[12.0,86.5],[12.0,94.5],[20.5,94.5],[28.5,94.5],[36.5,94.5],[45.0,94.5],[45.0,102.5],[45.0,111.0],[36.5,111.0],[28.5,111.0],[20.5,111.0],[12.0,111.0],[12.0,119.5],[12.0,127.5],[20.5,127.5],[28.5,127.5],[28.5,135.5],[28.5,144.0],[36.5,144.0],[45.0,144.0],[53.5,144.0],[61.5,144.0],[69.5,144.0],[78.0,144.0],[78.0,152.5],[78.0,160.5],[78.0,168.5],[78.0,177.0],[69.5,177.0],[61.5,177.0],[61.5,185.5],[61.5,193.5],[69.5,193.5],[78.0,193.5],[78.0,201.5],[78.0,210.0],[69.5,210.0],[61.5,210.0],[61.5,218.5],[61.5,226.5],[61.5,234.5],[61.5,243.0],[69.5,243.0],[78.0,243.0],[78.0,234.5],[78.0,226.5],[86.5,226.5],[94.5,226.5],[94.5,218.5],[94.5,210.0],[94.5,201.5],[94.5,193.5],[94.5,185.5],[94.5,177.0],[94.5,168.5],[94.5,160.5],[94.5,152.5],[94.5,144.0],[102.5,144.0],[111.0,144.0],[111.0,152.5],[111.0,160.5],[111.0,168.5],[111.0,177.0],[119.5,177.0],[127.5,177.0],[127.5,185.5],[127.5,193.5],[119.5,193.5],[111.0,193.5],[111.0,201.5],[111.0,210.0],[111.0,218.5],[111.0,226.5],[111.0,234.5],[111.0,243.0],[119.5,243.0],[127.5,243.0],[135.5,243.0],[144.0,243.0],[144.0,234.5],[144.0,226.5],[152.5,226.5],[160.5,226.5],[160.5,218.5],[160.5,210.0],[168.5,210.0],[177.0,210.0],[177.0,201.5],[177.0,193.5],[177.0,185.5],[177.0,177.0],[177.0,168.5]]",2
/home/nvidia/users/ella/solve_a_maze_image/solve_a_maze_image/maze_data/maze_data_20260417_212507_736990/maze_043_size_31x31_seed_723993357/maze_31_31_723993357_DFS_final_step0095.png,"[[3.5,86.5],[12.0,86.5],[12.0,94.5],[20.5,94.5],[28.5,94.5],[36.5,94.5],[45.0,94.5],[45.0,102.5],[45.0,111.0],[36.5,111.0],[28.5,111.0],[20.5,111.0],[12.0,111.0],[12.0,119.5],[12.0,127.5],[20.5,127.5],[28.5,127.5],[28.5,135.5],[28.5,144.0],[36.5,144.0],[45.0,144.0],[53.5,144.0],[61.5,144.0],[69.5,144.0],[78.0,144.0],[78.0,152.5],[78.0,160.5],[78.0,168.5],[78.0,177.0],[69.5,177.0],[61.5,177.0],[61.5,185.5],[61.5,193.5],[69.5,193.5],[78.0,193.5],[78.0,201.5],[78.0,210.0],[69.5,210.0],[61.5,210.0],[61.5,218.5],[61.5,226.5],[61.5,234.5],[61.5,243.0],[69.5,243.0],[78.0,243.0],[78.0,234.5],[78.0,226.5],[86.5,226.5],[94.5,226.5],[94.5,218.5],[94.5,210.0],[94.5,201.5],[94.5,193.5],[94.5,185.5],[94.5,177.0],[94.5,168.5],[94.5,160.5],[94.5,152.5],[94.5,144.0],[102.5,144.0],[111.0,144.0],[111.0,152.5],[111.0,160.5],[111.0,168.5],[111.0,177.0],[119.5,177.0],[127.5,177.0],[127.5,185.5],[127.5,193.5],[119.5,193.5],[111.0,193.5],[111.0,201.5],[111.0,210.0],[111.0,218.5],[111.0,226.5],[111.0,234.5],[111.0,243.0],[119.5,243.0],[127.5,243.0],[135.5,243.0],[144.0,243.0],[144.0,234.5],[144.0,226.5],[152.5,226.5],[160.5,226.5],[160.5,218.5],[160.5,210.0],[168.5,210.0],[177.0,210.0],[177.0,201.5],[177.0,193.5],[177.0,185.5],[177.0,177.0],[177.0,168.5],[177.0,160.5]]",2
/home/nvidia/users/ella/solve_a_maze_image/solve_a_maze_image/maze_data/maze_data_20260417_212507_736990/maze_043_size_31x31_seed_723993357/maze_31_31_723993357_DFS_final_step0096.png,"[[3.5,86.5],[12.0,86.5],[12.0,94.5],[20.5,94.5],[28.5,94.5],[36.5,94.5],[45.0,94.5],[45.0,102.5],[45.0,111.0],[36.5,111.0],[28.5,111.0],[20.5,111.0],[12.0,111.0],[12.0,119.5],[12.0,127.5],[20.5,127.5],[28.5,127.5],[28.5,135.5],[28.5,144.0],[36.5,144.0],[45.0,144.0],[53.5,144.0],[61.5,144.0],[69.5,144.0],[78.0,144.0],[78.0,152.5],[78.0,160.5],[78.0,168.5],[78.0,177.0],[69.5,177.0],[61.5,177.0],[61.5,185.5],[61.5,193.5],[69.5,193.5],[78.0,193.5],[78.0,201.5],[78.0,210.0],[69.5,210.0],[61.5,210.0],[61.5,218.5],[61.5,226.5],[61.5,234.5],[61.5,243.0],[69.5,243.0],[78.0,243.0],[78.0,234.5],[78.0,226.5],[86.5,226.5],[94.5,226.5],[94.5,218.5],[94.5,210.0],[94.5,201.5],[94.5,193.5],[94.5,185.5],[94.5,177.0],[94.5,168.5],[94.5,160.5],[94.5,152.5],[94.5,144.0],[102.5,144.0],[111.0,144.0],[111.0,152.5],[111.0,160.5],[111.0,168.5],[111.0,177.0],[119.5,177.0],[127.5,177.0],[127.5,185.5],[127.5,193.5],[119.5,193.5],[111.0,193.5],[111.0,201.5],[111.0,210.0],[111.0,218.5],[111.0,226.5],[111.0,234.5],[111.0,243.0],[119.5,243.0],[127.5,243.0],[135.5,243.0],[144.0,243.0],[144.0,234.5],[144.0,226.5],[152.5,226.5],[160.5,226.5],[160.5,218.5],[160.5,210.0],[168.5,210.0],[177.0,210.0],[177.0,201.5],[177.0,193.5],[177.0,185.5],[177.0,177.0],[177.0,168.5],[177.0,160.5],[177.0,152.5]]",2
/home/nvidia/users/ella/solve_a_maze_image/solve_a_maze_image/maze_data/maze_data_20260417_212507_736990/maze_043_size_31x31_seed_723993357/maze_31_31_723993357_DFS_final_step0097.png,"[[3.5,86.5],[12.0,86.5],[12.0,94.5],[20.5,94.5],[28.5,94.5],[36.5,94.5],[45.0,94.5],[45.0,102.5],[45.0,111.0],[36.5,111.0],[28.5,111.0],[20.5,111.0],[12.0,111.0],[12.0,119.5],[12.0,127.5],[20.5,127.5],[28.5,127.5],[28.5,135.5],[28.5,144.0],[36.5,144.0],[45.0,144.0],[53.5,144.0],[61.5,144.0],[69.5,144.0],[78.0,144.0],[78.0,152.5],[78.0,160.5],[78.0,168.5],[78.0,177.0],[69.5,177.0],[61.5,177.0],[61.5,185.5],[61.5,193.5],[69.5,193.5],[78.0,193.5],[78.0,201.5],[78.0,210.0],[69.5,210.0],[61.5,210.0],[61.5,218.5],[61.5,226.5],[61.5,234.5],[61.5,243.0],[69.5,243.0],[78.0,243.0],[78.0,234.5],[78.0,226.5],[86.5,226.5],[94.5,226.5],[94.5,218.5],[94.5,210.0],[94.5,201.5],[94.5,193.5],[94.5,185.5],[94.5,177.0],[94.5,168.5],[94.5,160.5],[94.5,152.5],[94.5,144.0],[102.5,144.0],[111.0,144.0],[111.0,152.5],[111.0,160.5],[111.0,168.5],[111.0,177.0],[119.5,177.0],[127.5,177.0],[127.5,185.5],[127.5,193.5],[119.5,193.5],[111.0,193.5],[111.0,201.5],[111.0,210.0],[111.0,218.5],[111.0,226.5],[111.0,234.5],[111.0,243.0],[119.5,243.0],[127.5,243.0],[135.5,243.0],[144.0,243.0],[144.0,234.5],[144.0,226.5],[152.5,226.5],[160.5,226.5],[160.5,218.5],[160.5,210.0],[168.5,210.0],[177.0,210.0],[177.0,201.5],[177.0,193.5],[177.0,185.5],[177.0,177.0],[177.0,168.5],[177.0,160.5],[177.0,152.5],[177.0,144.0]]",2
/home/nvidia/users/ella/solve_a_maze_image/solve_a_maze_image/maze_data/maze_data_20260417_212507_736990/maze_043_size_31x31_seed_723993357/maze_31_31_723993357_DFS_final_step0098.png,"[[3.5,86.5],[12.0,86.5],[12.0,94.5],[20.5,94.5],[28.5,94.5],[36.5,94.5],[45.0,94.5],[45.0,102.5],[45.0,111.0],[36.5,111.0],[28.5,111.0],[20.5,111.0],[12.0,111.0],[12.0,119.5],[12.0,127.5],[20.5,127.5],[28.5,127.5],[28.5,135.5],[28.5,144.0],[36.5,144.0],[45.0,144.0],[53.5,144.0],[61.5,144.0],[69.5,144.0],[78.0,144.0],[78.0,152.5],[78.0,160.5],[78.0,168.5],[78.0,177.0],[69.5,177.0],[61.5,177.0],[61.5,185.5],[61.5,193.5],[69.5,193.5],[78.0,193.5],[78.0,201.5],[78.0,210.0],[69.5,210.0],[61.5,210.0],[61.5,218.5],[61.5,226.5],[61.5,234.5],[61.5,243.0],[69.5,243.0],[78.0,243.0],[78.0,234.5],[78.0,226.5],[86.5,226.5],[94.5,226.5],[94.5,218.5],[94.5,210.0],[94.5,201.5],[94.5,193.5],[94.5,185.5],[94.5,177.0],[94.5,168.5],[94.5,160.5],[94.5,152.5],[94.5,144.0],[102.5,144.0],[111.0,144.0],[111.0,152.5],[111.0,160.5],[111.0,168.5],[111.0,177.0],[119.5,177.0],[127.5,177.0],[127.5,185.5],[127.5,193.5],[119.5,193.5],[111.0,193.5],[111.0,201.5],[111.0,210.0],[111.0,218.5],[111.0,226.5],[111.0,234.5],[111.0,243.0],[119.5,243.0],[127.5,243.0],[135.5,243.0],[144.0,243.0],[144.0,234.5],[144.0,226.5],[152.5,226.5],[160.5,226.5],[160.5,218.5],[160.5,210.0],[168.5,210.0],[177.0,210.0],[177.0,201.5],[177.0,193.5],[177.0,185.5],[177.0,177.0],[177.0,168.5],[177.0,160.5],[177.0,152.5],[177.0,144.0],[185.5,144.0]]",2
/home/nvidia/users/ella/solve_a_maze_image/solve_a_maze_image/maze_data/maze_data_20260417_212507_736990/maze_043_size_31x31_seed_723993357/maze_31_31_723993357_DFS_final_step0099.png,"[[3.5,86.5],[12.0,86.5],[12.0,94.5],[20.5,94.5],[28.5,94.5],[36.5,94.5],[45.0,94.5],[45.0,102.5],[45.0,111.0],[36.5,111.0],[28.5,111.0],[20.5,111.0],[12.0,111.0],[12.0,119.5],[12.0,127.5],[20.5,127.5],[28.5,127.5],[28.5,135.5],[28.5,144.0],[36.5,144.0],[45.0,144.0],[53.5,144.0],[61.5,144.0],[69.5,144.0],[78.0,144.0],[78.0,152.5],[78.0,160.5],[78.0,168.5],[78.0,177.0],[69.5,177.0],[61.5,177.0],[61.5,185.5],[61.5,193.5],[69.5,193.5],[78.0,193.5],[78.0,201.5],[78.0,210.0],[69.5,210.0],[61.5,210.0],[61.5,218.5],[61.5,226.5],[61.5,234.5],[61.5,243.0],[69.5,243.0],[78.0,243.0],[78.0,234.5],[78.0,226.5],[86.5,226.5],[94.5,226.5],[94.5,218.5],[94.5,210.0],[94.5,201.5],[94.5,193.5],[94.5,185.5],[94.5,177.0],[94.5,168.5],[94.5,160.5],[94.5,152.5],[94.5,144.0],[102.5,144.0],[111.0,144.0],[111.0,152.5],[111.0,160.5],[111.0,168.5],[111.0,177.0],[119.5,177.0],[127.5,177.0],[127.5,185.5],[127.5,193.5],[119.5,193.5],[111.0,193.5],[111.0,201.5],[111.0,210.0],[111.0,218.5],[111.0,226.5],[111.0,234.5],[111.0,243.0],[119.5,243.0],[127.5,243.0],[135.5,243.0],[144.0,243.0],[144.0,234.5],[144.0,226.5],[152.5,226.5],[160.5,226.5],[160.5,218.5],[160.5,210.0],[168.5,210.0],[177.0,210.0],[177.0,201.5],[177.0,193.5],[177.0,185.5],[177.0,177.0],[177.0,168.5],[177.0,160.5],[177.0,152.5],[177.0,144.0],[185.5,144.0],[193.5,144.0]]",2
/home/nvidia/users/ella/solve_a_maze_image/solve_a_maze_image/maze_data/maze_data_20260417_212507_736990/maze_043_size_31x31_seed_723993357/maze_31_31_723993357_DFS_final_step0100.png,"[[3.5,86.5],[12.0,86.5],[12.0,94.5],[20.5,94.5],[28.5,94.5],[36.5,94.5],[45.0,94.5],[45.0,102.5],[45.0,111.0],[36.5,111.0],[28.5,111.0],[20.5,111.0],[12.0,111.0],[12.0,119.5],[12.0,127.5],[20.5,127.5],[28.5,127.5],[28.5,135.5],[28.5,144.0],[36.5,144.0],[45.0,144.0],[53.5,144.0],[61.5,144.0],[69.5,144.0],[78.0,144.0],[78.0,152.5],[78.0,160.5],[78.0,168.5],[78.0,177.0],[69.5,177.0],[61.5,177.0],[61.5,185.5],[61.5,193.5],[69.5,193.5],[78.0,193.5],[78.0,201.5],[78.0,210.0],[69.5,210.0],[61.5,210.0],[61.5,218.5],[61.5,226.5],[61.5,234.5],[61.5,243.0],[69.5,243.0],[78.0,243.0],[78.0,234.5],[78.0,226.5],[86.5,226.5],[94.5,226.5],[94.5,218.5],[94.5,210.0],[94.5,201.5],[94.5,193.5],[94.5,185.5],[94.5,177.0],[94.5,168.5],[94.5,160.5],[94.5,152.5],[94.5,144.0],[102.5,144.0],[111.0,144.0],[111.0,152.5],[111.0,160.5],[111.0,168.5],[111.0,177.0],[119.5,177.0],[127.5,177.0],[127.5,185.5],[127.5,193.5],[119.5,193.5],[111.0,193.5],[111.0,201.5],[111.0,210.0],[111.0,218.5],[111.0,226.5],[111.0,234.5],[111.0,243.0],[119.5,243.0],[127.5,243.0],[135.5,243.0],[144.0,243.0],[144.0,234.5],[144.0,226.5],[152.5,226.5],[160.5,226.5],[160.5,218.5],[160.5,210.0],[168.5,210.0],[177.0,210.0],[177.0,201.5],[177.0,193.5],[177.0,185.5],[177.0,177.0],[177.0,168.5],[177.0,160.5],[177.0,152.5],[177.0,144.0],[185.5,144.0],[193.5,144.0],[193.5,135.5]]",2
/home/nvidia/users/ella/solve_a_maze_image/solve_a_maze_image/maze_data/maze_data_20260417_212507_736990/maze_043_size_31x31_seed_723993357/maze_31_31_723993357_DFS_final_step0101.png,"[[3.5,86.5],[12.0,86.5],[12.0,94.5],[20.5,94.5],[28.5,94.5],[36.5,94.5],[45.0,94.5],[45.0,102.5],[45.0,111.0],[36.5,111.0],[28.5,111.0],[20.5,111.0],[12.0,111.0],[12.0,119.5],[12.0,127.5],[20.5,127.5],[28.5,127.5],[28.5,135.5],[28.5,144.0],[36.5,144.0],[45.0,144.0],[53.5,144.0],[61.5,144.0],[69.5,144.0],[78.0,144.0],[78.0,152.5],[78.0,160.5],[78.0,168.5],[78.0,177.0],[69.5,177.0],[61.5,177.0],[61.5,185.5],[61.5,193.5],[69.5,193.5],[78.0,193.5],[78.0,201.5],[78.0,210.0],[69.5,210.0],[61.5,210.0],[61.5,218.5],[61.5,226.5],[61.5,234.5],[61.5,243.0],[69.5,243.0],[78.0,243.0],[78.0,234.5],[78.0,226.5],[86.5,226.5],[94.5,226.5],[94.5,218.5],[94.5,210.0],[94.5,201.5],[94.5,193.5],[94.5,185.5],[94.5,177.0],[94.5,168.5],[94.5,160.5],[94.5,152.5],[94.5,144.0],[102.5,144.0],[111.0,144.0],[111.0,152.5],[111.0,160.5],[111.0,168.5],[111.0,177.0],[119.5,177.0],[127.5,177.0],[127.5,185.5],[127.5,193.5],[119.5,193.5],[111.0,193.5],[111.0,201.5],[111.0,210.0],[111.0,218.5],[111.0,226.5],[111.0,234.5],[111.0,243.0],[119.5,243.0],[127.5,243.0],[135.5,243.0],[144.0,243.0],[144.0,234.5],[144.0,226.5],[152.5,226.5],[160.5,226.5],[160.5,218.5],[160.5,210.0],[168.5,210.0],[177.0,210.0],[177.0,201.5],[177.0,193.5],[177.0,185.5],[177.0,177.0],[177.0,168.5],[177.0,160.5],[177.0,152.5],[177.0,144.0],[185.5,144.0],[193.5,144.0],[193.5,135.5],[193.5,127.5]]",2
/home/nvidia/users/ella/solve_a_maze_image/solve_a_maze_image/maze_data/maze_data_20260417_212507_736990/maze_043_size_31x31_seed_723993357/maze_31_31_723993357_DFS_final_step0102.png,"[[3.5,86.5],[12.0,86.5],[12.0,94.5],[20.5,94.5],[28.5,94.5],[36.5,94.5],[45.0,94.5],[45.0,102.5],[45.0,111.0],[36.5,111.0],[28.5,111.0],[20.5,111.0],[12.0,111.0],[12.0,119.5],[12.0,127.5],[20.5,127.5],[28.5,127.5],[28.5,135.5],[28.5,144.0],[36.5,144.0],[45.0,144.0],[53.5,144.0],[61.5,144.0],[69.5,144.0],[78.0,144.0],[78.0,152.5],[78.0,160.5],[78.0,168.5],[78.0,177.0],[69.5,177.0],[61.5,177.0],[61.5,185.5],[61.5,193.5],[69.5,193.5],[78.0,193.5],[78.0,201.5],[78.0,210.0],[69.5,210.0],[61.5,210.0],[61.5,218.5],[61.5,226.5],[61.5,234.5],[61.5,243.0],[69.5,243.0],[78.0,243.0],[78.0,234.5],[78.0,226.5],[86.5,226.5],[94.5,226.5],[94.5,218.5],[94.5,210.0],[94.5,201.5],[94.5,193.5],[94.5,185.5],[94.5,177.0],[94.5,168.5],[94.5,160.5],[94.5,152.5],[94.5,144.0],[102.5,144.0],[111.0,144.0],[111.0,152.5],[111.0,160.5],[111.0,168.5],[111.0,177.0],[119.5,177.0],[127.5,177.0],[127.5,185.5],[127.5,193.5],[119.5,193.5],[111.0,193.5],[111.0,201.5],[111.0,210.0],[111.0,218.5],[111.0,226.5],[111.0,234.5],[111.0,243.0],[119.5,243.0],[127.5,243.0],[135.5,243.0],[144.0,243.0],[144.0,234.5],[144.0,226.5],[152.5,226.5],[160.5,226.5],[160.5,218.5],[160.5,210.0],[168.5,210.0],[177.0,210.0],[177.0,201.5],[177.0,193.5],[177.0,185.5],[177.0,177.0],[177.0,168.5],[177.0,160.5],[177.0,152.5],[177.0,144.0],[185.5,144.0],[193.5,144.0],[193.5,135.5],[193.5,127.5],[193.5,119.5]]",2
/home/nvidia/users/ella/solve_a_maze_image/solve_a_maze_image/maze_data/maze_data_20260417_212507_736990/maze_043_size_31x31_seed_723993357/maze_31_31_723993357_DFS_final_step0103.png,"[[3.5,86.5],[12.0,86.5],[12.0,94.5],[20.5,94.5],[28.5,94.5],[36.5,94.5],[45.0,94.5],[45.0,102.5],[45.0,111.0],[36.5,111.0],[28.5,111.0],[20.5,111.0],[12.0,111.0],[12.0,119.5],[12.0,127.5],[20.5,127.5],[28.5,127.5],[28.5,135.5],[28.5,144.0],[36.5,144.0],[45.0,144.0],[53.5,144.0],[61.5,144.0],[69.5,144.0],[78.0,144.0],[78.0,152.5],[78.0,160.5],[78.0,168.5],[78.0,177.0],[69.5,177.0],[61.5,177.0],[61.5,185.5],[61.5,193.5],[69.5,193.5],[78.0,193.5],[78.0,201.5],[78.0,210.0],[69.5,210.0],[61.5,210.0],[61.5,218.5],[61.5,226.5],[61.5,234.5],[61.5,243.0],[69.5,243.0],[78.0,243.0],[78.0,234.5],[78.0,226.5],[86.5,226.5],[94.5,226.5],[94.5,218.5],[94.5,210.0],[94.5,201.5],[94.5,193.5],[94.5,185.5],[94.5,177.0],[94.5,168.5],[94.5,160.5],[94.5,152.5],[94.5,144.0],[102.5,144.0],[111.0,144.0],[111.0,152.5],[111.0,160.5],[111.0,168.5],[111.0,177.0],[119.5,177.0],[127.5,177.0],[127.5,185.5],[127.5,193.5],[119.5,193.5],[111.0,193.5],[111.0,201.5],[111.0,210.0],[111.0,218.5],[111.0,226.5],[111.0,234.5],[111.0,243.0],[119.5,243.0],[127.5,243.0],[135.5,243.0],[144.0,243.0],[144.0,234.5],[144.0,226.5],[152.5,226.5],[160.5,226.5],[160.5,218.5],[160.5,210.0],[168.5,210.0],[177.0,210.0],[177.0,201.5],[177.0,193.5],[177.0,185.5],[177.0,177.0],[177.0,168.5],[177.0,160.5],[177.0,152.5],[177.0,144.0],[185.5,144.0],[193.5,144.0],[193.5,135.5],[193.5,127.5],[193.5,119.5],[193.5,111.0]]",2
/home/nvidia/users/ella/solve_a_maze_image/solve_a_maze_image/maze_data/maze_data_20260417_212507_736990/maze_043_size_31x31_seed_723993357/maze_31_31_723993357_DFS_final_step0104.png,"[[3.5,86.5],[12.0,86.5],[12.0,94.5],[20.5,94.5],[28.5,94.5],[36.5,94.5],[45.0,94.5],[45.0,102.5],[45.0,111.0],[36.5,111.0],[28.5,111.0],[20.5,111.0],[12.0,111.0],[12.0,119.5],[12.0,127.5],[20.5,127.5],[28.5,127.5],[28.5,135.5],[28.5,144.0],[36.5,144.0],[45.0,144.0],[53.5,144.0],[61.5,144.0],[69.5,144.0],[78.0,144.0],[78.0,152.5],[78.0,160.5],[78.0,168.5],[78.0,177.0],[69.5,177.0],[61.5,177.0],[61.5,185.5],[61.5,193.5],[69.5,193.5],[78.0,193.5],[78.0,201.5],[78.0,210.0],[69.5,210.0],[61.5,210.0],[61.5,218.5],[61.5,226.5],[61.5,234.5],[61.5,243.0],[69.5,243.0],[78.0,243.0],[78.0,234.5],[78.0,226.5],[86.5,226.5],[94.5,226.5],[94.5,218.5],[94.5,210.0],[94.5,201.5],[94.5,193.5],[94.5,185.5],[94.5,177.0],[94.5,168.5],[94.5,160.5],[94.5,152.5],[94.5,144.0],[102.5,144.0],[111.0,144.0],[111.0,152.5],[111.0,160.5],[111.0,168.5],[111.0,177.0],[119.5,177.0],[127.5,177.0],[127.5,185.5],[127.5,193.5],[119.5,193.5],[111.0,193.5],[111.0,201.5],[111.0,210.0],[111.0,218.5],[111.0,226.5],[111.0,234.5],[111.0,243.0],[119.5,243.0],[127.5,243.0],[135.5,243.0],[144.0,243.0],[144.0,234.5],[144.0,226.5],[152.5,226.5],[160.5,226.5],[160.5,218.5],[160.5,210.0],[168.5,210.0],[177.0,210.0],[177.0,201.5],[177.0,193.5],[177.0,185.5],[177.0,177.0],[177.0,168.5],[177.0,160.5],[177.0,152.5],[177.0,144.0],[185.5,144.0],[193.5,144.0],[193.5,135.5],[193.5,127.5],[193.5,119.5],[193.5,111.0],[193.5,102.5]]",2
/home/nvidia/users/ella/solve_a_maze_image/solve_a_maze_image/maze_data/maze_data_20260417_212507_736990/maze_043_size_31x31_seed_723993357/maze_31_31_723993357_DFS_final_step0105.png,"[[3.5,86.5],[12.0,86.5],[12.0,94.5],[20.5,94.5],[28.5,94.5],[36.5,94.5],[45.0,94.5],[45.0,102.5],[45.0,111.0],[36.5,111.0],[28.5,111.0],[20.5,111.0],[12.0,111.0],[12.0,119.5],[12.0,127.5],[20.5,127.5],[28.5,127.5],[28.5,135.5],[28.5,144.0],[36.5,144.0],[45.0,144.0],[53.5,144.0],[61.5,144.0],[69.5,144.0],[78.0,144.0],[78.0,152.5],[78.0,160.5],[78.0,168.5],[78.0,177.0],[69.5,177.0],[61.5,177.0],[61.5,185.5],[61.5,193.5],[69.5,193.5],[78.0,193.5],[78.0,201.5],[78.0,210.0],[69.5,210.0],[61.5,210.0],[61.5,218.5],[61.5,226.5],[61.5,234.5],[61.5,243.0],[69.5,243.0],[78.0,243.0],[78.0,234.5],[78.0,226.5],[86.5,226.5],[94.5,226.5],[94.5,218.5],[94.5,210.0],[94.5,201.5],[94.5,193.5],[94.5,185.5],[94.5,177.0],[94.5,168.5],[94.5,160.5],[94.5,152.5],[94.5,144.0],[102.5,144.0],[111.0,144.0],[111.0,152.5],[111.0,160.5],[111.0,168.5],[111.0,177.0],[119.5,177.0],[127.5,177.0],[127.5,185.5],[127.5,193.5],[119.5,193.5],[111.0,193.5],[111.0,201.5],[111.0,210.0],[111.0,218.5],[111.0,226.5],[111.0,234.5],[111.0,243.0],[119.5,243.0],[127.5,243.0],[135.5,243.0],[144.0,243.0],[144.0,234.5],[144.0,226.5],[152.5,226.5],[160.5,226.5],[160.5,218.5],[160.5,210.0],[168.5,210.0],[177.0,210.0],[177.0,201.5],[177.0,193.5],[177.0,185.5],[177.0,177.0],[177.0,168.5],[177.0,160.5],[177.0,152.5],[177.0,144.0],[185.5,144.0],[193.5,144.0],[193.5,135.5],[193.5,127.5],[193.5,119.5],[193.5,111.0],[193.5,102.5],[193.5,94.5]]",2
/home/nvidia/users/ella/solve_a_maze_image/solve_a_maze_image/maze_data/maze_data_20260417_212507_736990/maze_043_size_31x31_seed_723993357/maze_31_31_723993357_DFS_final_step0106.png,"[[3.5,86.5],[12.0,86.5],[12.0,94.5],[20.5,94.5],[28.5,94.5],[36.5,94.5],[45.0,94.5],[45.0,102.5],[45.0,111.0],[36.5,111.0],[28.5,111.0],[20.5,111.0],[12.0,111.0],[12.0,119.5],[12.0,127.5],[20.5,127.5],[28.5,127.5],[28.5,135.5],[28.5,144.0],[36.5,144.0],[45.0,144.0],[53.5,144.0],[61.5,144.0],[69.5,144.0],[78.0,144.0],[78.0,152.5],[78.0,160.5],[78.0,168.5],[78.0,177.0],[69.5,177.0],[61.5,177.0],[61.5,185.5],[61.5,193.5],[69.5,193.5],[78.0,193.5],[78.0,201.5],[78.0,210.0],[69.5,210.0],[61.5,210.0],[61.5,218.5],[61.5,226.5],[61.5,234.5],[61.5,243.0],[69.5,243.0],[78.0,243.0],[78.0,234.5],[78.0,226.5],[86.5,226.5],[94.5,226.5],[94.5,218.5],[94.5,210.0],[94.5,201.5],[94.5,193.5],[94.5,185.5],[94.5,177.0],[94.5,168.5],[94.5,160.5],[94.5,152.5],[94.5,144.0],[102.5,144.0],[111.0,144.0],[111.0,152.5],[111.0,160.5],[111.0,168.5],[111.0,177.0],[119.5,177.0],[127.5,177.0],[127.5,185.5],[127.5,193.5],[119.5,193.5],[111.0,193.5],[111.0,201.5],[111.0,210.0],[111.0,218.5],[111.0,226.5],[111.0,234.5],[111.0,243.0],[119.5,243.0],[127.5,243.0],[135.5,243.0],[144.0,243.0],[144.0,234.5],[144.0,226.5],[152.5,226.5],[160.5,226.5],[160.5,218.5],[160.5,210.0],[168.5,210.0],[177.0,210.0],[177.0,201.5],[177.0,193.5],[177.0,185.5],[177.0,177.0],[177.0,168.5],[177.0,160.5],[177.0,152.5],[177.0,144.0],[185.5,144.0],[193.5,144.0],[193.5,135.5],[193.5,127.5],[193.5,119.5],[193.5,111.0],[193.5,102.5],[193.5,94.5],[193.5,86.5]]",2
/home/nvidia/users/ella/solve_a_maze_image/solve_a_maze_image/maze_data/maze_data_20260417_212507_736990/maze_043_size_31x31_seed_723993357/maze_31_31_723993357_DFS_final_step0107.png,"[[3.5,86.5],[12.0,86.5],[12.0,94.5],[20.5,94.5],[28.5,94.5],[36.5,94.5],[45.0,94.5],[45.0,102.5],[45.0,111.0],[36.5,111.0],[28.5,111.0],[20.5,111.0],[12.0,111.0],[12.0,119.5],[12.0,127.5],[20.5,127.5],[28.5,127.5],[28.5,135.5],[28.5,144.0],[36.5,144.0],[45.0,144.0],[53.5,144.0],[61.5,144.0],[69.5,144.0],[78.0,144.0],[78.0,152.5],[78.0,160.5],[78.0,168.5],[78.0,177.0],[69.5,177.0],[61.5,177.0],[61.5,185.5],[61.5,193.5],[69.5,193.5],[78.0,193.5],[78.0,201.5],[78.0,210.0],[69.5,210.0],[61.5,210.0],[61.5,218.5],[61.5,226.5],[61.5,234.5],[61.5,243.0],[69.5,243.0],[78.0,243.0],[78.0,234.5],[78.0,226.5],[86.5,226.5],[94.5,226.5],[94.5,218.5],[94.5,210.0],[94.5,201.5],[94.5,193.5],[94.5,185.5],[94.5,177.0],[94.5,168.5],[94.5,160.5],[94.5,152.5],[94.5,144.0],[102.5,144.0],[111.0,144.0],[111.0,152.5],[111.0,160.5],[111.0,168.5],[111.0,177.0],[119.5,177.0],[127.5,177.0],[127.5,185.5],[127.5,193.5],[119.5,193.5],[111.0,193.5],[111.0,201.5],[111.0,210.0],[111.0,218.5],[111.0,226.5],[111.0,234.5],[111.0,243.0],[119.5,243.0],[127.5,243.0],[135.5,243.0],[144.0,243.0],[144.0,234.5],[144.0,226.5],[152.5,226.5],[160.5,226.5],[160.5,218.5],[160.5,210.0],[168.5,210.0],[177.0,210.0],[177.0,201.5],[177.0,193.5],[177.0,185.5],[177.0,177.0],[177.0,168.5],[177.0,160.5],[177.0,152.5],[177.0,144.0],[185.5,144.0],[193.5,144.0],[193.5,135.5],[193.5,127.5],[193.5,119.5],[193.5,111.0],[193.5,102.5],[193.5,94.5],[193.5,86.5],[193.5,78.0]]",2
/home/nvidia/users/ella/solve_a_maze_image/solve_a_maze_image/maze_data/maze_data_20260417_212507_736990/maze_043_size_31x31_seed_723993357/maze_31_31_723993357_DFS_final_step0108.png,"[[3.5,86.5],[12.0,86.5],[12.0,94.5],[20.5,94.5],[28.5,94.5],[36.5,94.5],[45.0,94.5],[45.0,102.5],[45.0,111.0],[36.5,111.0],[28.5,111.0],[20.5,111.0],[12.0,111.0],[12.0,119.5],[12.0,127.5],[20.5,127.5],[28.5,127.5],[28.5,135.5],[28.5,144.0],[36.5,144.0],[45.0,144.0],[53.5,144.0],[61.5,144.0],[69.5,144.0],[78.0,144.0],[78.0,152.5],[78.0,160.5],[78.0,168.5],[78.0,177.0],[69.5,177.0],[61.5,177.0],[61.5,185.5],[61.5,193.5],[69.5,193.5],[78.0,193.5],[78.0,201.5],[78.0,210.0],[69.5,210.0],[61.5,210.0],[61.5,218.5],[61.5,226.5],[61.5,234.5],[61.5,243.0],[69.5,243.0],[78.0,243.0],[78.0,234.5],[78.0,226.5],[86.5,226.5],[94.5,226.5],[94.5,218.5],[94.5,210.0],[94.5,201.5],[94.5,193.5],[94.5,185.5],[94.5,177.0],[94.5,168.5],[94.5,160.5],[94.5,152.5],[94.5,144.0],[102.5,144.0],[111.0,144.0],[111.0,152.5],[111.0,160.5],[111.0,168.5],[111.0,177.0],[119.5,177.0],[127.5,177.0],[127.5,185.5],[127.5,193.5],[119.5,193.5],[111.0,193.5],[111.0,201.5],[111.0,210.0],[111.0,218.5],[111.0,226.5],[111.0,234.5],[111.0,243.0],[119.5,243.0],[127.5,243.0],[135.5,243.0],[144.0,243.0],[144.0,234.5],[144.0,226.5],[152.5,226.5],[160.5,226.5],[160.5,218.5],[160.5,210.0],[168.5,210.0],[177.0,210.0],[177.0,201.5],[177.0,193.5],[177.0,185.5],[177.0,177.0],[177.0,168.5],[177.0,160.5],[177.0,152.5],[177.0,144.0],[185.5,144.0],[193.5,144.0],[193.5,135.5],[193.5,127.5],[193.5,119.5],[193.5,111.0],[193.5,102.5],[193.5,94.5],[193.5,86.5],[193.5,78.0],[193.5,69.5]]",2
/home/nvidia/users/ella/solve_a_maze_image/solve_a_maze_image/maze_data/maze_data_20260417_212507_736990/maze_043_size_31x31_seed_723993357/maze_31_31_723993357_DFS_final_step0109.png,"[[3.5,86.5],[12.0,86.5],[12.0,94.5],[20.5,94.5],[28.5,94.5],[36.5,94.5],[45.0,94.5],[45.0,102.5],[45.0,111.0],[36.5,111.0],[28.5,111.0],[20.5,111.0],[12.0,111.0],[12.0,119.5],[12.0,127.5],[20.5,127.5],[28.5,127.5],[28.5,135.5],[28.5,144.0],[36.5,144.0],[45.0,144.0],[53.5,144.0],[61.5,144.0],[69.5,144.0],[78.0,144.0],[78.0,152.5],[78.0,160.5],[78.0,168.5],[78.0,177.0],[69.5,177.0],[61.5,177.0],[61.5,185.5],[61.5,193.5],[69.5,193.5],[78.0,193.5],[78.0,201.5],[78.0,210.0],[69.5,210.0],[61.5,210.0],[61.5,218.5],[61.5,226.5],[61.5,234.5],[61.5,243.0],[69.5,243.0],[78.0,243.0],[78.0,234.5],[78.0,226.5],[86.5,226.5],[94.5,226.5],[94.5,218.5],[94.5,210.0],[94.5,201.5],[94.5,193.5],[94.5,185.5],[94.5,177.0],[94.5,168.5],[94.5,160.5],[94.5,152.5],[94.5,144.0],[102.5,144.0],[111.0,144.0],[111.0,152.5],[111.0,160.5],[111.0,168.5],[111.0,177.0],[119.5,177.0],[127.5,177.0],[127.5,185.5],[127.5,193.5],[119.5,193.5],[111.0,193.5],[111.0,201.5],[111.0,210.0],[111.0,218.5],[111.0,226.5],[111.0,234.5],[111.0,243.0],[119.5,243.0],[127.5,243.0],[135.5,243.0],[144.0,243.0],[144.0,234.5],[144.0,226.5],[152.5,226.5],[160.5,226.5],[160.5,218.5],[160.5,210.0],[168.5,210.0],[177.0,210.0],[177.0,201.5],[177.0,193.5],[177.0,185.5],[177.0,177.0],[177.0,168.5],[177.0,160.5],[177.0,152.5],[177.0,144.0],[185.5,144.0],[193.5,144.0],[193.5,135.5],[193.5,127.5],[193.5,119.5],[193.5,111.0],[193.5,102.5],[193.5,94.5],[193.5,86.5],[193.5,78.0],[193.5,69.5],[193.5,61.5]]",2
/home/nvidia/users/ella/solve_a_maze_image/solve_a_maze_image/maze_data/maze_data_20260417_212507_736990/maze_043_size_31x31_seed_723993357/maze_31_31_723993357_DFS_final_step0110.png,"[[3.5,86.5],[12.0,86.5],[12.0,94.5],[20.5,94.5],[28.5,94.5],[36.5,94.5],[45.0,94.5],[45.0,102.5],[45.0,111.0],[36.5,111.0],[28.5,111.0],[20.5,111.0],[12.0,111.0],[12.0,119.5],[12.0,127.5],[20.5,127.5],[28.5,127.5],[28.5,135.5],[28.5,144.0],[36.5,144.0],[45.0,144.0],[53.5,144.0],[61.5,144.0],[69.5,144.0],[78.0,144.0],[78.0,152.5],[78.0,160.5],[78.0,168.5],[78.0,177.0],[69.5,177.0],[61.5,177.0],[61.5,185.5],[61.5,193.5],[69.5,193.5],[78.0,193.5],[78.0,201.5],[78.0,210.0],[69.5,210.0],[61.5,210.0],[61.5,218.5],[61.5,226.5],[61.5,234.5],[61.5,243.0],[69.5,243.0],[78.0,243.0],[78.0,234.5],[78.0,226.5],[86.5,226.5],[94.5,226.5],[94.5,218.5],[94.5,210.0],[94.5,201.5],[94.5,193.5],[94.5,185.5],[94.5,177.0],[94.5,168.5],[94.5,160.5],[94.5,152.5],[94.5,144.0],[102.5,144.0],[111.0,144.0],[111.0,152.5],[111.0,160.5],[111.0,168.5],[111.0,177.0],[119.5,177.0],[127.5,177.0],[127.5,185.5],[127.5,193.5],[119.5,193.5],[111.0,193.5],[111.0,201.5],[111.0,210.0],[111.0,218.5],[111.0,226.5],[111.0,234.5],[111.0,243.0],[119.5,243.0],[127.5,243.0],[135.5,243.0],[144.0,243.0],[144.0,234.5],[144.0,226.5],[152.5,226.5],[160.5,226.5],[160.5,218.5],[160.5,210.0],[168.5,210.0],[177.0,210.0],[177.0,201.5],[177.0,193.5],[177.0,185.5],[177.0,177.0],[177.0,168.5],[177.0,160.5],[177.0,152.5],[177.0,144.0],[185.5,144.0],[193.5,144.0],[193.5,135.5],[193.5,127.5],[193.5,119.5],[193.5,111.0],[193.5,102.5],[193.5,94.5],[193.5,86.5],[193.5,78.0],[193.5,69.5],[193.5,61.5],[193.5,53.5]]",2
/home/nvidia/users/ella/solve_a_maze_image/solve_a_maze_image/maze_data/maze_data_20260417_212507_736990/maze_043_size_31x31_seed_723993357/maze_31_31_723993357_DFS_final_step0111.png,"[[3.5,86.5],[12.0,86.5],[12.0,94.5],[20.5,94.5],[28.5,94.5],[36.5,94.5],[45.0,94.5],[45.0,102.5],[45.0,111.0],[36.5,111.0],[28.5,111.0],[20.5,111.0],[12.0,111.0],[12.0,119.5],[12.0,127.5],[20.5,127.5],[28.5,127.5],[28.5,135.5],[28.5,144.0],[36.5,144.0],[45.0,144.0],[53.5,144.0],[61.5,144.0],[69.5,144.0],[78.0,144.0],[78.0,152.5],[78.0,160.5],[78.0,168.5],[78.0,177.0],[69.5,177.0],[61.5,177.0],[61.5,185.5],[61.5,193.5],[69.5,193.5],[78.0,193.5],[78.0,201.5],[78.0,210.0],[69.5,210.0],[61.5,210.0],[61.5,218.5],[61.5,226.5],[61.5,234.5],[61.5,243.0],[69.5,243.0],[78.0,243.0],[78.0,234.5],[78.0,226.5],[86.5,226.5],[94.5,226.5],[94.5,218.5],[94.5,210.0],[94.5,201.5],[94.5,193.5],[94.5,185.5],[94.5,177.0],[94.5,168.5],[94.5,160.5],[94.5,152.5],[94.5,144.0],[102.5,144.0],[111.0,144.0],[111.0,152.5],[111.0,160.5],[111.0,168.5],[111.0,177.0],[119.5,177.0],[127.5,177.0],[127.5,185.5],[127.5,193.5],[119.5,193.5],[111.0,193.5],[111.0,201.5],[111.0,210.0],[111.0,218.5],[111.0,226.5],[111.0,234.5],[111.0,243.0],[119.5,243.0],[127.5,243.0],[135.5,243.0],[144.0,243.0],[144.0,234.5],[144.0,226.5],[152.5,226.5],[160.5,226.5],[160.5,218.5],[160.5,210.0],[168.5,210.0],[177.0,210.0],[177.0,201.5],[177.0,193.5],[177.0,185.5],[177.0,177.0],[177.0,168.5],[177.0,160.5],[177.0,152.5],[177.0,144.0],[185.5,144.0],[193.5,144.0],[193.5,135.5],[193.5,127.5],[193.5,119.5],[193.5,111.0],[193.5,102.5],[193.5,94.5],[193.5,86.5],[193.5,78.0],[193.5,69.5],[193.5,61.5],[193.5,53.5],[193.5,45.0]]",2
/home/nvidia/users/ella/solve_a_maze_image/solve_a_maze_image/maze_data/maze_data_20260417_212507_736990/maze_043_size_31x31_seed_723993357/maze_31_31_723993357_DFS_final_step0112.png,"[[3.5,86.5],[12.0,86.5],[12.0,94.5],[20.5,94.5],[28.5,94.5],[36.5,94.5],[45.0,94.5],[45.0,102.5],[45.0,111.0],[36.5,111.0],[28.5,111.0],[20.5,111.0],[12.0,111.0],[12.0,119.5],[12.0,127.5],[20.5,127.5],[28.5,127.5],[28.5,135.5],[28.5,144.0],[36.5,144.0],[45.0,144.0],[53.5,144.0],[61.5,144.0],[69.5,144.0],[78.0,144.0],[78.0,152.5],[78.0,160.5],[78.0,168.5],[78.0,177.0],[69.5,177.0],[61.5,177.0],[61.5,185.5],[61.5,193.5],[69.5,193.5],[78.0,193.5],[78.0,201.5],[78.0,210.0],[69.5,210.0],[61.5,210.0],[61.5,218.5],[61.5,226.5],[61.5,234.5],[61.5,243.0],[69.5,243.0],[78.0,243.0],[78.0,234.5],[78.0,226.5],[86.5,226.5],[94.5,226.5],[94.5,218.5],[94.5,210.0],[94.5,201.5],[94.5,193.5],[94.5,185.5],[94.5,177.0],[94.5,168.5],[94.5,160.5],[94.5,152.5],[94.5,144.0],[102.5,144.0],[111.0,144.0],[111.0,152.5],[111.0,160.5],[111.0,168.5],[111.0,177.0],[119.5,177.0],[127.5,177.0],[127.5,185.5],[127.5,193.5],[119.5,193.5],[111.0,193.5],[111.0,201.5],[111.0,210.0],[111.0,218.5],[111.0,226.5],[111.0,234.5],[111.0,243.0],[119.5,243.0],[127.5,243.0],[135.5,243.0],[144.0,243.0],[144.0,234.5],[144.0,226.5],[152.5,226.5],[160.5,226.5],[160.5,218.5],[160.5,210.0],[168.5,210.0],[177.0,210.0],[177.0,201.5],[177.0,193.5],[177.0,185.5],[177.0,177.0],[177.0,168.5],[177.0,160.5],[177.0,152.5],[177.0,144.0],[185.5,144.0],[193.5,144.0],[193.5,135.5],[193.5,127.5],[193.5,119.5],[193.5,111.0],[193.5,102.5],[193.5,94.5],[193.5,86.5],[193.5,78.0],[193.5,69.5],[193.5,61.5],[193.5,53.5],[193.5,45.0],[185.5,45.0]]",2
/home/nvidia/users/ella/solve_a_maze_image/solve_a_maze_image/maze_data/maze_data_20260417_212507_736990/maze_043_size_31x31_seed_723993357/maze_31_31_723993357_DFS_final_step0113.png,"[[3.5,86.5],[12.0,86.5],[12.0,94.5],[20.5,94.5],[28.5,94.5],[36.5,94.5],[45.0,94.5],[45.0,102.5],[45.0,111.0],[36.5,111.0],[28.5,111.0],[20.5,111.0],[12.0,111.0],[12.0,119.5],[12.0,127.5],[20.5,127.5],[28.5,127.5],[28.5,135.5],[28.5,144.0],[36.5,144.0],[45.0,144.0],[53.5,144.0],[61.5,144.0],[69.5,144.0],[78.0,144.0],[78.0,152.5],[78.0,160.5],[78.0,168.5],[78.0,177.0],[69.5,177.0],[61.5,177.0],[61.5,185.5],[61.5,193.5],[69.5,193.5],[78.0,193.5],[78.0,201.5],[78.0,210.0],[69.5,210.0],[61.5,210.0],[61.5,218.5],[61.5,226.5],[61.5,234.5],[61.5,243.0],[69.5,243.0],[78.0,243.0],[78.0,234.5],[78.0,226.5],[86.5,226.5],[94.5,226.5],[94.5,218.5],[94.5,210.0],[94.5,201.5],[94.5,193.5],[94.5,185.5],[94.5,177.0],[94.5,168.5],[94.5,160.5],[94.5,152.5],[94.5,144.0],[102.5,144.0],[111.0,144.0],[111.0,152.5],[111.0,160.5],[111.0,168.5],[111.0,177.0],[119.5,177.0],[127.5,177.0],[127.5,185.5],[127.5,193.5],[119.5,193.5],[111.0,193.5],[111.0,201.5],[111.0,210.0],[111.0,218.5],[111.0,226.5],[111.0,234.5],[111.0,243.0],[119.5,243.0],[127.5,243.0],[135.5,243.0],[144.0,243.0],[144.0,234.5],[144.0,226.5],[152.5,226.5],[160.5,226.5],[160.5,218.5],[160.5,210.0],[168.5,210.0],[177.0,210.0],[177.0,201.5],[177.0,193.5],[177.0,185.5],[177.0,177.0],[177.0,168.5],[177.0,160.5],[177.0,152.5],[177.0,144.0],[185.5,144.0],[193.5,144.0],[193.5,135.5],[193.5,127.5],[193.5,119.5],[193.5,111.0],[193.5,102.5],[193.5,94.5],[193.5,86.5],[193.5,78.0],[193.5,69.5],[193.5,61.5],[193.5,53.5],[193.5,45.0],[185.5,45.0],[177.0,45.0]]",2
/home/nvidia/users/ella/solve_a_maze_image/solve_a_maze_image/maze_data/maze_data_20260417_212507_736990/maze_043_size_31x31_seed_723993357/maze_31_31_723993357_DFS_final_step0114.png,"[[3.5,86.5],[12.0,86.5],[12.0,94.5],[20.5,94.5],[28.5,94.5],[36.5,94.5],[45.0,94.5],[45.0,102.5],[45.0,111.0],[36.5,111.0],[28.5,111.0],[20.5,111.0],[12.0,111.0],[12.0,119.5],[12.0,127.5],[20.5,127.5],[28.5,127.5],[28.5,135.5],[28.5,144.0],[36.5,144.0],[45.0,144.0],[53.5,144.0],[61.5,144.0],[69.5,144.0],[78.0,144.0],[78.0,152.5],[78.0,160.5],[78.0,168.5],[78.0,177.0],[69.5,177.0],[61.5,177.0],[61.5,185.5],[61.5,193.5],[69.5,193.5],[78.0,193.5],[78.0,201.5],[78.0,210.0],[69.5,210.0],[61.5,210.0],[61.5,218.5],[61.5,226.5],[61.5,234.5],[61.5,243.0],[69.5,243.0],[78.0,243.0],[78.0,234.5],[78.0,226.5],[86.5,226.5],[94.5,226.5],[94.5,218.5],[94.5,210.0],[94.5,201.5],[94.5,193.5],[94.5,185.5],[94.5,177.0],[94.5,168.5],[94.5,160.5],[94.5,152.5],[94.5,144.0],[102.5,144.0],[111.0,144.0],[111.0,152.5],[111.0,160.5],[111.0,168.5],[111.0,177.0],[119.5,177.0],[127.5,177.0],[127.5,185.5],[127.5,193.5],[119.5,193.5],[111.0,193.5],[111.0,201.5],[111.0,210.0],[111.0,218.5],[111.0,226.5],[111.0,234.5],[111.0,243.0],[119.5,243.0],[127.5,243.0],[135.5,243.0],[144.0,243.0],[144.0,234.5],[144.0,226.5],[152.5,226.5],[160.5,226.5],[160.5,218.5],[160.5,210.0],[168.5,210.0],[177.0,210.0],[177.0,201.5],[177.0,193.5],[177.0,185.5],[177.0,177.0],[177.0,168.5],[177.0,160.5],[177.0,152.5],[177.0,144.0],[185.5,144.0],[193.5,144.0],[193.5,135.5],[193.5,127.5],[193.5,119.5],[193.5,111.0],[193.5,102.5],[193.5,94.5],[193.5,86.5],[193.5,78.0],[193.5,69.5],[193.5,61.5],[193.5,53.5],[193.5,45.0],[185.5,45.0],[177.0,45.0],[177.0,36.5]]",2
/home/nvidia/users/ella/solve_a_maze_image/solve_a_maze_image/maze_data/maze_data_20260417_212507_736990/maze_043_size_31x31_seed_723993357/maze_31_31_723993357_DFS_final_step0115.png,"[[3.5,86.5],[12.0,86.5],[12.0,94.5],[20.5,94.5],[28.5,94.5],[36.5,94.5],[45.0,94.5],[45.0,102.5],[45.0,111.0],[36.5,111.0],[28.5,111.0],[20.5,111.0],[12.0,111.0],[12.0,119.5],[12.0,127.5],[20.5,127.5],[28.5,127.5],[28.5,135.5],[28.5,144.0],[36.5,144.0],[45.0,144.0],[53.5,144.0],[61.5,144.0],[69.5,144.0],[78.0,144.0],[78.0,152.5],[78.0,160.5],[78.0,168.5],[78.0,177.0],[69.5,177.0],[61.5,177.0],[61.5,185.5],[61.5,193.5],[69.5,193.5],[78.0,193.5],[78.0,201.5],[78.0,210.0],[69.5,210.0],[61.5,210.0],[61.5,218.5],[61.5,226.5],[61.5,234.5],[61.5,243.0],[69.5,243.0],[78.0,243.0],[78.0,234.5],[78.0,226.5],[86.5,226.5],[94.5,226.5],[94.5,218.5],[94.5,210.0],[94.5,201.5],[94.5,193.5],[94.5,185.5],[94.5,177.0],[94.5,168.5],[94.5,160.5],[94.5,152.5],[94.5,144.0],[102.5,144.0],[111.0,144.0],[111.0,152.5],[111.0,160.5],[111.0,168.5],[111.0,177.0],[119.5,177.0],[127.5,177.0],[127.5,185.5],[127.5,193.5],[119.5,193.5],[111.0,193.5],[111.0,201.5],[111.0,210.0],[111.0,218.5],[111.0,226.5],[111.0,234.5],[111.0,243.0],[119.5,243.0],[127.5,243.0],[135.5,243.0],[144.0,243.0],[144.0,234.5],[144.0,226.5],[152.5,226.5],[160.5,226.5],[160.5,218.5],[160.5,210.0],[168.5,210.0],[177.0,210.0],[177.0,201.5],[177.0,193.5],[177.0,185.5],[177.0,177.0],[177.0,168.5],[177.0,160.5],[177.0,152.5],[177.0,144.0],[185.5,144.0],[193.5,144.0],[193.5,135.5],[193.5,127.5],[193.5,119.5],[193.5,111.0],[193.5,102.5],[193.5,94.5],[193.5,86.5],[193.5,78.0],[193.5,69.5],[193.5,61.5],[193.5,53.5],[193.5,45.0],[185.5,45.0],[177.0,45.0],[177.0,36.5],[177.0,28.5]]",2
/home/nvidia/users/ella/solve_a_maze_image/solve_a_maze_image/maze_data/maze_data_20260417_212507_736990/maze_043_size_31x31_seed_723993357/maze_31_31_723993357_DFS_final_step0116.png,"[[3.5,86.5],[12.0,86.5],[12.0,94.5],[20.5,94.5],[28.5,94.5],[36.5,94.5],[45.0,94.5],[45.0,102.5],[45.0,111.0],[36.5,111.0],[28.5,111.0],[20.5,111.0],[12.0,111.0],[12.0,119.5],[12.0,127.5],[20.5,127.5],[28.5,127.5],[28.5,135.5],[28.5,144.0],[36.5,144.0],[45.0,144.0],[53.5,144.0],[61.5,144.0],[69.5,144.0],[78.0,144.0],[78.0,152.5],[78.0,160.5],[78.0,168.5],[78.0,177.0],[69.5,177.0],[61.5,177.0],[61.5,185.5],[61.5,193.5],[69.5,193.5],[78.0,193.5],[78.0,201.5],[78.0,210.0],[69.5,210.0],[61.5,210.0],[61.5,218.5],[61.5,226.5],[61.5,234.5],[61.5,243.0],[69.5,243.0],[78.0,243.0],[78.0,234.5],[78.0,226.5],[86.5,226.5],[94.5,226.5],[94.5,218.5],[94.5,210.0],[94.5,201.5],[94.5,193.5],[94.5,185.5],[94.5,177.0],[94.5,168.5],[94.5,160.5],[94.5,152.5],[94.5,144.0],[102.5,144.0],[111.0,144.0],[111.0,152.5],[111.0,160.5],[111.0,168.5],[111.0,177.0],[119.5,177.0],[127.5,177.0],[127.5,185.5],[127.5,193.5],[119.5,193.5],[111.0,193.5],[111.0,201.5],[111.0,210.0],[111.0,218.5],[111.0,226.5],[111.0,234.5],[111.0,243.0],[119.5,243.0],[127.5,243.0],[135.5,243.0],[144.0,243.0],[144.0,234.5],[144.0,226.5],[152.5,226.5],[160.5,226.5],[160.5,218.5],[160.5,210.0],[168.5,210.0],[177.0,210.0],[177.0,201.5],[177.0,193.5],[177.0,185.5],[177.0,177.0],[177.0,168.5],[177.0,160.5],[177.0,152.5],[177.0,144.0],[185.5,144.0],[193.5,144.0],[193.5,135.5],[193.5,127.5],[193.5,119.5],[193.5,111.0],[193.5,102.5],[193.5,94.5],[193.5,86.5],[193.5,78.0],[193.5,69.5],[193.5,61.5],[193.5,53.5],[193.5,45.0],[185.5,45.0],[177.0,45.0],[177.0,36.5],[177.0,28.5],[177.0,20.5]]",2
/home/nvidia/users/ella/solve_a_maze_image/solve_a_maze_image/maze_data/maze_data_20260417_212507_736990/maze_043_size_31x31_seed_723993357/maze_31_31_723993357_DFS_final_step0117.png,"[[3.5,86.5],[12.0,86.5],[12.0,94.5],[20.5,94.5],[28.5,94.5],[36.5,94.5],[45.0,94.5],[45.0,102.5],[45.0,111.0],[36.5,111.0],[28.5,111.0],[20.5,111.0],[12.0,111.0],[12.0,119.5],[12.0,127.5],[20.5,127.5],[28.5,127.5],[28.5,135.5],[28.5,144.0],[36.5,144.0],[45.0,144.0],[53.5,144.0],[61.5,144.0],[69.5,144.0],[78.0,144.0],[78.0,152.5],[78.0,160.5],[78.0,168.5],[78.0,177.0],[69.5,177.0],[61.5,177.0],[61.5,185.5],[61.5,193.5],[69.5,193.5],[78.0,193.5],[78.0,201.5],[78.0,210.0],[69.5,210.0],[61.5,210.0],[61.5,218.5],[61.5,226.5],[61.5,234.5],[61.5,243.0],[69.5,243.0],[78.0,243.0],[78.0,234.5],[78.0,226.5],[86.5,226.5],[94.5,226.5],[94.5,218.5],[94.5,210.0],[94.5,201.5],[94.5,193.5],[94.5,185.5],[94.5,177.0],[94.5,168.5],[94.5,160.5],[94.5,152.5],[94.5,144.0],[102.5,144.0],[111.0,144.0],[111.0,152.5],[111.0,160.5],[111.0,168.5],[111.0,177.0],[119.5,177.0],[127.5,177.0],[127.5,185.5],[127.5,193.5],[119.5,193.5],[111.0,193.5],[111.0,201.5],[111.0,210.0],[111.0,218.5],[111.0,226.5],[111.0,234.5],[111.0,243.0],[119.5,243.0],[127.5,243.0],[135.5,243.0],[144.0,243.0],[144.0,234.5],[144.0,226.5],[152.5,226.5],[160.5,226.5],[160.5,218.5],[160.5,210.0],[168.5,210.0],[177.0,210.0],[177.0,201.5],[177.0,193.5],[177.0,185.5],[177.0,177.0],[177.0,168.5],[177.0,160.5],[177.0,152.5],[177.0,144.0],[185.5,144.0],[193.5,144.0],[193.5,135.5],[193.5,127.5],[193.5,119.5],[193.5,111.0],[193.5,102.5],[193.5,94.5],[193.5,86.5],[193.5,78.0],[193.5,69.5],[193.5,61.5],[193.5,53.5],[193.5,45.0],[185.5,45.0],[177.0,45.0],[177.0,36.5],[177.0,28.5],[177.0,20.5],[177.0,12.0]]",2
/home/nvidia/users/ella/solve_a_maze_image/solve_a_maze_image/maze_data/maze_data_20260417_212507_736990/maze_043_size_31x31_seed_723993357/maze_31_31_723993357_DFS_final_step0118.png,"[[3.5,86.5],[12.0,86.5],[12.0,94.5],[20.5,94.5],[28.5,94.5],[36.5,94.5],[45.0,94.5],[45.0,102.5],[45.0,111.0],[36.5,111.0],[28.5,111.0],[20.5,111.0],[12.0,111.0],[12.0,119.5],[12.0,127.5],[20.5,127.5],[28.5,127.5],[28.5,135.5],[28.5,144.0],[36.5,144.0],[45.0,144.0],[53.5,144.0],[61.5,144.0],[69.5,144.0],[78.0,144.0],[78.0,152.5],[78.0,160.5],[78.0,168.5],[78.0,177.0],[69.5,177.0],[61.5,177.0],[61.5,185.5],[61.5,193.5],[69.5,193.5],[78.0,193.5],[78.0,201.5],[78.0,210.0],[69.5,210.0],[61.5,210.0],[61.5,218.5],[61.5,226.5],[61.5,234.5],[61.5,243.0],[69.5,243.0],[78.0,243.0],[78.0,234.5],[78.0,226.5],[86.5,226.5],[94.5,226.5],[94.5,218.5],[94.5,210.0],[94.5,201.5],[94.5,193.5],[94.5,185.5],[94.5,177.0],[94.5,168.5],[94.5,160.5],[94.5,152.5],[94.5,144.0],[102.5,144.0],[111.0,144.0],[111.0,152.5],[111.0,160.5],[111.0,168.5],[111.0,177.0],[119.5,177.0],[127.5,177.0],[127.5,185.5],[127.5,193.5],[119.5,193.5],[111.0,193.5],[111.0,201.5],[111.0,210.0],[111.0,218.5],[111.0,226.5],[111.0,234.5],[111.0,243.0],[119.5,243.0],[127.5,243.0],[135.5,243.0],[144.0,243.0],[144.0,234.5],[144.0,226.5],[152.5,226.5],[160.5,226.5],[160.5,218.5],[160.5,210.0],[168.5,210.0],[177.0,210.0],[177.0,201.5],[177.0,193.5],[177.0,185.5],[177.0,177.0],[177.0,168.5],[177.0,160.5],[177.0,152.5],[177.0,144.0],[185.5,144.0],[193.5,144.0],[193.5,135.5],[193.5,127.5],[193.5,119.5],[193.5,111.0],[193.5,102.5],[193.5,94.5],[193.5,86.5],[193.5,78.0],[193.5,69.5],[193.5,61.5],[193.5,53.5],[193.5,45.0],[185.5,45.0],[177.0,45.0],[177.0,36.5],[177.0,28.5],[177.0,20.5],[177.0,12.0],[185.5,12.0]]",2
/home/nvidia/users/ella/solve_a_maze_image/solve_a_maze_image/maze_data/maze_data_20260417_212507_736990/maze_043_size_31x31_seed_723993357/maze_31_31_723993357_DFS_final_step0119.png,"[[3.5,86.5],[12.0,86.5],[12.0,94.5],[20.5,94.5],[28.5,94.5],[36.5,94.5],[45.0,94.5],[45.0,102.5],[45.0,111.0],[36.5,111.0],[28.5,111.0],[20.5,111.0],[12.0,111.0],[12.0,119.5],[12.0,127.5],[20.5,127.5],[28.5,127.5],[28.5,135.5],[28.5,144.0],[36.5,144.0],[45.0,144.0],[53.5,144.0],[61.5,144.0],[69.5,144.0],[78.0,144.0],[78.0,152.5],[78.0,160.5],[78.0,168.5],[78.0,177.0],[69.5,177.0],[61.5,177.0],[61.5,185.5],[61.5,193.5],[69.5,193.5],[78.0,193.5],[78.0,201.5],[78.0,210.0],[69.5,210.0],[61.5,210.0],[61.5,218.5],[61.5,226.5],[61.5,234.5],[61.5,243.0],[69.5,243.0],[78.0,243.0],[78.0,234.5],[78.0,226.5],[86.5,226.5],[94.5,226.5],[94.5,218.5],[94.5,210.0],[94.5,201.5],[94.5,193.5],[94.5,185.5],[94.5,177.0],[94.5,168.5],[94.5,160.5],[94.5,152.5],[94.5,144.0],[102.5,144.0],[111.0,144.0],[111.0,152.5],[111.0,160.5],[111.0,168.5],[111.0,177.0],[119.5,177.0],[127.5,177.0],[127.5,185.5],[127.5,193.5],[119.5,193.5],[111.0,193.5],[111.0,201.5],[111.0,210.0],[111.0,218.5],[111.0,226.5],[111.0,234.5],[111.0,243.0],[119.5,243.0],[127.5,243.0],[135.5,243.0],[144.0,243.0],[144.0,234.5],[144.0,226.5],[152.5,226.5],[160.5,226.5],[160.5,218.5],[160.5,210.0],[168.5,210.0],[177.0,210.0],[177.0,201.5],[177.0,193.5],[177.0,185.5],[177.0,177.0],[177.0,168.5],[177.0,160.5],[177.0,152.5],[177.0,144.0],[185.5,144.0],[193.5,144.0],[193.5,135.5],[193.5,127.5],[193.5,119.5],[193.5,111.0],[193.5,102.5],[193.5,94.5],[193.5,86.5],[193.5,78.0],[193.5,69.5],[193.5,61.5],[193.5,53.5],[193.5,45.0],[185.5,45.0],[177.0,45.0],[177.0,36.5],[177.0,28.5],[177.0,20.5],[177.0,12.0],[185.5,12.0],[193.5,12.0]]",2
/home/nvidia/users/ella/solve_a_maze_image/solve_a_maze_image/maze_data/maze_data_20260417_212507_736990/maze_043_size_31x31_seed_723993357/maze_31_31_723993357_DFS_final_step0120.png,"[[3.5,86.5],[12.0,86.5],[12.0,94.5],[20.5,94.5],[28.5,94.5],[36.5,94.5],[45.0,94.5],[45.0,102.5],[45.0,111.0],[36.5,111.0],[28.5,111.0],[20.5,111.0],[12.0,111.0],[12.0,119.5],[12.0,127.5],[20.5,127.5],[28.5,127.5],[28.5,135.5],[28.5,144.0],[36.5,144.0],[45.0,144.0],[53.5,144.0],[61.5,144.0],[69.5,144.0],[78.0,144.0],[78.0,152.5],[78.0,160.5],[78.0,168.5],[78.0,177.0],[69.5,177.0],[61.5,177.0],[61.5,185.5],[61.5,193.5],[69.5,193.5],[78.0,193.5],[78.0,201.5],[78.0,210.0],[69.5,210.0],[61.5,210.0],[61.5,218.5],[61.5,226.5],[61.5,234.5],[61.5,243.0],[69.5,243.0],[78.0,243.0],[78.0,234.5],[78.0,226.5],[86.5,226.5],[94.5,226.5],[94.5,218.5],[94.5,210.0],[94.5,201.5],[94.5,193.5],[94.5,185.5],[94.5,177.0],[94.5,168.5],[94.5,160.5],[94.5,152.5],[94.5,144.0],[102.5,144.0],[111.0,144.0],[111.0,152.5],[111.0,160.5],[111.0,168.5],[111.0,177.0],[119.5,177.0],[127.5,177.0],[127.5,185.5],[127.5,193.5],[119.5,193.5],[111.0,193.5],[111.0,201.5],[111.0,210.0],[111.0,218.5],[111.0,226.5],[111.0,234.5],[111.0,243.0],[119.5,243.0],[127.5,243.0],[135.5,243.0],[144.0,243.0],[144.0,234.5],[144.0,226.5],[152.5,226.5],[160.5,226.5],[160.5,218.5],[160.5,210.0],[168.5,210.0],[177.0,210.0],[177.0,201.5],[177.0,193.5],[177.0,185.5],[177.0,177.0],[177.0,168.5],[177.0,160.5],[177.0,152.5],[177.0,144.0],[185.5,144.0],[193.5,144.0],[193.5,135.5],[193.5,127.5],[193.5,119.5],[193.5,111.0],[193.5,102.5],[193.5,94.5],[193.5,86.5],[193.5,78.0],[193.5,69.5],[193.5,61.5],[193.5,53.5],[193.5,45.0],[185.5,45.0],[177.0,45.0],[177.0,36.5],[177.0,28.5],[177.0,20.5],[177.0,12.0],[185.5,12.0],[193.5,12.0],[201.5,12.0]]",2
/home/nvidia/users/ella/solve_a_maze_image/solve_a_maze_image/maze_data/maze_data_20260417_212507_736990/maze_043_size_31x31_seed_723993357/maze_31_31_723993357_DFS_final_step0121.png,"[[3.5,86.5],[12.0,86.5],[12.0,94.5],[20.5,94.5],[28.5,94.5],[36.5,94.5],[45.0,94.5],[45.0,102.5],[45.0,111.0],[36.5,111.0],[28.5,111.0],[20.5,111.0],[12.0,111.0],[12.0,119.5],[12.0,127.5],[20.5,127.5],[28.5,127.5],[28.5,135.5],[28.5,144.0],[36.5,144.0],[45.0,144.0],[53.5,144.0],[61.5,144.0],[69.5,144.0],[78.0,144.0],[78.0,152.5],[78.0,160.5],[78.0,168.5],[78.0,177.0],[69.5,177.0],[61.5,177.0],[61.5,185.5],[61.5,193.5],[69.5,193.5],[78.0,193.5],[78.0,201.5],[78.0,210.0],[69.5,210.0],[61.5,210.0],[61.5,218.5],[61.5,226.5],[61.5,234.5],[61.5,243.0],[69.5,243.0],[78.0,243.0],[78.0,234.5],[78.0,226.5],[86.5,226.5],[94.5,226.5],[94.5,218.5],[94.5,210.0],[94.5,201.5],[94.5,193.5],[94.5,185.5],[94.5,177.0],[94.5,168.5],[94.5,160.5],[94.5,152.5],[94.5,144.0],[102.5,144.0],[111.0,144.0],[111.0,152.5],[111.0,160.5],[111.0,168.5],[111.0,177.0],[119.5,177.0],[127.5,177.0],[127.5,185.5],[127.5,193.5],[119.5,193.5],[111.0,193.5],[111.0,201.5],[111.0,210.0],[111.0,218.5],[111.0,226.5],[111.0,234.5],[111.0,243.0],[119.5,243.0],[127.5,243.0],[135.5,243.0],[144.0,243.0],[144.0,234.5],[144.0,226.5],[152.5,226.5],[160.5,226.5],[160.5,218.5],[160.5,210.0],[168.5,210.0],[177.0,210.0],[177.0,201.5],[177.0,193.5],[177.0,185.5],[177.0,177.0],[177.0,168.5],[177.0,160.5],[177.0,152.5],[177.0,144.0],[185.5,144.0],[193.5,144.0],[193.5,135.5],[193.5,127.5],[193.5,119.5],[193.5,111.0],[193.5,102.5],[193.5,94.5],[193.5,86.5],[193.5,78.0],[193.5,69.5],[193.5,61.5],[193.5,53.5],[193.5,45.0],[185.5,45.0],[177.0,45.0],[177.0,36.5],[177.0,28.5],[177.0,20.5],[177.0,12.0],[185.5,12.0],[193.5,12.0],[201.5,12.0],[210.0,12.0]]",2
/home/nvidia/users/ella/solve_a_maze_image/solve_a_maze_image/maze_data/maze_data_20260417_212507_736990/maze_043_size_31x31_seed_723993357/maze_31_31_723993357_DFS_final_step0122.png,"[[3.5,86.5],[12.0,86.5],[12.0,94.5],[20.5,94.5],[28.5,94.5],[36.5,94.5],[45.0,94.5],[45.0,102.5],[45.0,111.0],[36.5,111.0],[28.5,111.0],[20.5,111.0],[12.0,111.0],[12.0,119.5],[12.0,127.5],[20.5,127.5],[28.5,127.5],[28.5,135.5],[28.5,144.0],[36.5,144.0],[45.0,144.0],[53.5,144.0],[61.5,144.0],[69.5,144.0],[78.0,144.0],[78.0,152.5],[78.0,160.5],[78.0,168.5],[78.0,177.0],[69.5,177.0],[61.5,177.0],[61.5,185.5],[61.5,193.5],[69.5,193.5],[78.0,193.5],[78.0,201.5],[78.0,210.0],[69.5,210.0],[61.5,210.0],[61.5,218.5],[61.5,226.5],[61.5,234.5],[61.5,243.0],[69.5,243.0],[78.0,243.0],[78.0,234.5],[78.0,226.5],[86.5,226.5],[94.5,226.5],[94.5,218.5],[94.5,210.0],[94.5,201.5],[94.5,193.5],[94.5,185.5],[94.5,177.0],[94.5,168.5],[94.5,160.5],[94.5,152.5],[94.5,144.0],[102.5,144.0],[111.0,144.0],[111.0,152.5],[111.0,160.5],[111.0,168.5],[111.0,177.0],[119.5,177.0],[127.5,177.0],[127.5,185.5],[127.5,193.5],[119.5,193.5],[111.0,193.5],[111.0,201.5],[111.0,210.0],[111.0,218.5],[111.0,226.5],[111.0,234.5],[111.0,243.0],[119.5,243.0],[127.5,243.0],[135.5,243.0],[144.0,243.0],[144.0,234.5],[144.0,226.5],[152.5,226.5],[160.5,226.5],[160.5,218.5],[160.5,210.0],[168.5,210.0],[177.0,210.0],[177.0,201.5],[177.0,193.5],[177.0,185.5],[177.0,177.0],[177.0,168.5],[177.0,160.5],[177.0,152.5],[177.0,144.0],[185.5,144.0],[193.5,144.0],[193.5,135.5],[193.5,127.5],[193.5,119.5],[193.5,111.0],[193.5,102.5],[193.5,94.5],[193.5,86.5],[193.5,78.0],[193.5,69.5],[193.5,61.5],[193.5,53.5],[193.5,45.0],[185.5,45.0],[177.0,45.0],[177.0,36.5],[177.0,28.5],[177.0,20.5],[177.0,12.0],[185.5,12.0],[193.5,12.0],[201.5,12.0],[210.0,12.0],[218.5,12.0]]",2
/home/nvidia/users/ella/solve_a_maze_image/solve_a_maze_image/maze_data/maze_data_20260417_212507_736990/maze_043_size_31x31_seed_723993357/maze_31_31_723993357_DFS_final_step0123.png,"[[3.5,86.5],[12.0,86.5],[12.0,94.5],[20.5,94.5],[28.5,94.5],[36.5,94.5],[45.0,94.5],[45.0,102.5],[45.0,111.0],[36.5,111.0],[28.5,111.0],[20.5,111.0],[12.0,111.0],[12.0,119.5],[12.0,127.5],[20.5,127.5],[28.5,127.5],[28.5,135.5],[28.5,144.0],[36.5,144.0],[45.0,144.0],[53.5,144.0],[61.5,144.0],[69.5,144.0],[78.0,144.0],[78.0,152.5],[78.0,160.5],[78.0,168.5],[78.0,177.0],[69.5,177.0],[61.5,177.0],[61.5,185.5],[61.5,193.5],[69.5,193.5],[78.0,193.5],[78.0,201.5],[78.0,210.0],[69.5,210.0],[61.5,210.0],[61.5,218.5],[61.5,226.5],[61.5,234.5],[61.5,243.0],[69.5,243.0],[78.0,243.0],[78.0,234.5],[78.0,226.5],[86.5,226.5],[94.5,226.5],[94.5,218.5],[94.5,210.0],[94.5,201.5],[94.5,193.5],[94.5,185.5],[94.5,177.0],[94.5,168.5],[94.5,160.5],[94.5,152.5],[94.5,144.0],[102.5,144.0],[111.0,144.0],[111.0,152.5],[111.0,160.5],[111.0,168.5],[111.0,177.0],[119.5,177.0],[127.5,177.0],[127.5,185.5],[127.5,193.5],[119.5,193.5],[111.0,193.5],[111.0,201.5],[111.0,210.0],[111.0,218.5],[111.0,226.5],[111.0,234.5],[111.0,243.0],[119.5,243.0],[127.5,243.0],[135.5,243.0],[144.0,243.0],[144.0,234.5],[144.0,226.5],[152.5,226.5],[160.5,226.5],[160.5,218.5],[160.5,210.0],[168.5,210.0],[177.0,210.0],[177.0,201.5],[177.0,193.5],[177.0,185.5],[177.0,177.0],[177.0,168.5],[177.0,160.5],[177.0,152.5],[177.0,144.0],[185.5,144.0],[193.5,144.0],[193.5,135.5],[193.5,127.5],[193.5,119.5],[193.5,111.0],[193.5,102.5],[193.5,94.5],[193.5,86.5],[193.5,78.0],[193.5,69.5],[193.5,61.5],[193.5,53.5],[193.5,45.0],[185.5,45.0],[177.0,45.0],[177.0,36.5],[177.0,28.5],[177.0,20.5],[177.0,12.0],[185.5,12.0],[193.5,12.0],[201.5,12.0],[210.0,12.0],[218.5,12.0],[226.5,12.0]]",2
/home/nvidia/users/ella/solve_a_maze_image/solve_a_maze_image/maze_data/maze_data_20260417_212507_736990/maze_043_size_31x31_seed_723993357/maze_31_31_723993357_DFS_final_step0124.png,"[[3.5,86.5],[12.0,86.5],[12.0,94.5],[20.5,94.5],[28.5,94.5],[36.5,94.5],[45.0,94.5],[45.0,102.5],[45.0,111.0],[36.5,111.0],[28.5,111.0],[20.5,111.0],[12.0,111.0],[12.0,119.5],[12.0,127.5],[20.5,127.5],[28.5,127.5],[28.5,135.5],[28.5,144.0],[36.5,144.0],[45.0,144.0],[53.5,144.0],[61.5,144.0],[69.5,144.0],[78.0,144.0],[78.0,152.5],[78.0,160.5],[78.0,168.5],[78.0,177.0],[69.5,177.0],[61.5,177.0],[61.5,185.5],[61.5,193.5],[69.5,193.5],[78.0,193.5],[78.0,201.5],[78.0,210.0],[69.5,210.0],[61.5,210.0],[61.5,218.5],[61.5,226.5],[61.5,234.5],[61.5,243.0],[69.5,243.0],[78.0,243.0],[78.0,234.5],[78.0,226.5],[86.5,226.5],[94.5,226.5],[94.5,218.5],[94.5,210.0],[94.5,201.5],[94.5,193.5],[94.5,185.5],[94.5,177.0],[94.5,168.5],[94.5,160.5],[94.5,152.5],[94.5,144.0],[102.5,144.0],[111.0,144.0],[111.0,152.5],[111.0,160.5],[111.0,168.5],[111.0,177.0],[119.5,177.0],[127.5,177.0],[127.5,185.5],[127.5,193.5],[119.5,193.5],[111.0,193.5],[111.0,201.5],[111.0,210.0],[111.0,218.5],[111.0,226.5],[111.0,234.5],[111.0,243.0],[119.5,243.0],[127.5,243.0],[135.5,243.0],[144.0,243.0],[144.0,234.5],[144.0,226.5],[152.5,226.5],[160.5,226.5],[160.5,218.5],[160.5,210.0],[168.5,210.0],[177.0,210.0],[177.0,201.5],[177.0,193.5],[177.0,185.5],[177.0,177.0],[177.0,168.5],[177.0,160.5],[177.0,152.5],[177.0,144.0],[185.5,144.0],[193.5,144.0],[193.5,135.5],[193.5,127.5],[193.5,119.5],[193.5,111.0],[193.5,102.5],[193.5,94.5],[193.5,86.5],[193.5,78.0],[193.5,69.5],[193.5,61.5],[193.5,53.5],[193.5,45.0],[185.5,45.0],[177.0,45.0],[177.0,36.5],[177.0,28.5],[177.0,20.5],[177.0,12.0],[185.5,12.0],[193.5,12.0],[201.5,12.0],[210.0,12.0],[218.5,12.0],[226.5,12.0],[226.5,20.5]]",2
/home/nvidia/users/ella/solve_a_maze_image/solve_a_maze_image/maze_data/maze_data_20260417_212507_736990/maze_043_size_31x31_seed_723993357/maze_31_31_723993357_DFS_final_step0125.png,"[[3.5,86.5],[12.0,86.5],[12.0,94.5],[20.5,94.5],[28.5,94.5],[36.5,94.5],[45.0,94.5],[45.0,102.5],[45.0,111.0],[36.5,111.0],[28.5,111.0],[20.5,111.0],[12.0,111.0],[12.0,119.5],[12.0,127.5],[20.5,127.5],[28.5,127.5],[28.5,135.5],[28.5,144.0],[36.5,144.0],[45.0,144.0],[53.5,144.0],[61.5,144.0],[69.5,144.0],[78.0,144.0],[78.0,152.5],[78.0,160.5],[78.0,168.5],[78.0,177.0],[69.5,177.0],[61.5,177.0],[61.5,185.5],[61.5,193.5],[69.5,193.5],[78.0,193.5],[78.0,201.5],[78.0,210.0],[69.5,210.0],[61.5,210.0],[61.5,218.5],[61.5,226.5],[61.5,234.5],[61.5,243.0],[69.5,243.0],[78.0,243.0],[78.0,234.5],[78.0,226.5],[86.5,226.5],[94.5,226.5],[94.5,218.5],[94.5,210.0],[94.5,201.5],[94.5,193.5],[94.5,185.5],[94.5,177.0],[94.5,168.5],[94.5,160.5],[94.5,152.5],[94.5,144.0],[102.5,144.0],[111.0,144.0],[111.0,152.5],[111.0,160.5],[111.0,168.5],[111.0,177.0],[119.5,177.0],[127.5,177.0],[127.5,185.5],[127.5,193.5],[119.5,193.5],[111.0,193.5],[111.0,201.5],[111.0,210.0],[111.0,218.5],[111.0,226.5],[111.0,234.5],[111.0,243.0],[119.5,243.0],[127.5,243.0],[135.5,243.0],[144.0,243.0],[144.0,234.5],[144.0,226.5],[152.5,226.5],[160.5,226.5],[160.5,218.5],[160.5,210.0],[168.5,210.0],[177.0,210.0],[177.0,201.5],[177.0,193.5],[177.0,185.5],[177.0,177.0],[177.0,168.5],[177.0,160.5],[177.0,152.5],[177.0,144.0],[185.5,144.0],[193.5,144.0],[193.5,135.5],[193.5,127.5],[193.5,119.5],[193.5,111.0],[193.5,102.5],[193.5,94.5],[193.5,86.5],[193.5,78.0],[193.5,69.5],[193.5,61.5],[193.5,53.5],[193.5,45.0],[185.5,45.0],[177.0,45.0],[177.0,36.5],[177.0,28.5],[177.0,20.5],[177.0,12.0],[185.5,12.0],[193.5,12.0],[201.5,12.0],[210.0,12.0],[218.5,12.0],[226.5,12.0],[226.5,20.5],[226.5,28.5]]",2
/home/nvidia/users/ella/solve_a_maze_image/solve_a_maze_image/maze_data/maze_data_20260417_212507_736990/maze_043_size_31x31_seed_723993357/maze_31_31_723993357_DFS_final_step0126.png,"[[3.5,86.5],[12.0,86.5],[12.0,94.5],[20.5,94.5],[28.5,94.5],[36.5,94.5],[45.0,94.5],[45.0,102.5],[45.0,111.0],[36.5,111.0],[28.5,111.0],[20.5,111.0],[12.0,111.0],[12.0,119.5],[12.0,127.5],[20.5,127.5],[28.5,127.5],[28.5,135.5],[28.5,144.0],[36.5,144.0],[45.0,144.0],[53.5,144.0],[61.5,144.0],[69.5,144.0],[78.0,144.0],[78.0,152.5],[78.0,160.5],[78.0,168.5],[78.0,177.0],[69.5,177.0],[61.5,177.0],[61.5,185.5],[61.5,193.5],[69.5,193.5],[78.0,193.5],[78.0,201.5],[78.0,210.0],[69.5,210.0],[61.5,210.0],[61.5,218.5],[61.5,226.5],[61.5,234.5],[61.5,243.0],[69.5,243.0],[78.0,243.0],[78.0,234.5],[78.0,226.5],[86.5,226.5],[94.5,226.5],[94.5,218.5],[94.5,210.0],[94.5,201.5],[94.5,193.5],[94.5,185.5],[94.5,177.0],[94.5,168.5],[94.5,160.5],[94.5,152.5],[94.5,144.0],[102.5,144.0],[111.0,144.0],[111.0,152.5],[111.0,160.5],[111.0,168.5],[111.0,177.0],[119.5,177.0],[127.5,177.0],[127.5,185.5],[127.5,193.5],[119.5,193.5],[111.0,193.5],[111.0,201.5],[111.0,210.0],[111.0,218.5],[111.0,226.5],[111.0,234.5],[111.0,243.0],[119.5,243.0],[127.5,243.0],[135.5,243.0],[144.0,243.0],[144.0,234.5],[144.0,226.5],[152.5,226.5],[160.5,226.5],[160.5,218.5],[160.5,210.0],[168.5,210.0],[177.0,210.0],[177.0,201.5],[177.0,193.5],[177.0,185.5],[177.0,177.0],[177.0,168.5],[177.0,160.5],[177.0,152.5],[177.0,144.0],[185.5,144.0],[193.5,144.0],[193.5,135.5],[193.5,127.5],[193.5,119.5],[193.5,111.0],[193.5,102.5],[193.5,94.5],[193.5,86.5],[193.5,78.0],[193.5,69.5],[193.5,61.5],[193.5,53.5],[193.5,45.0],[185.5,45.0],[177.0,45.0],[177.0,36.5],[177.0,28.5],[177.0,20.5],[177.0,12.0],[185.5,12.0],[193.5,12.0],[201.5,12.0],[210.0,12.0],[218.5,12.0],[226.5,12.0],[226.5,20.5],[226.5,28.5],[226.5,36.5]]",2
/home/nvidia/users/ella/solve_a_maze_image/solve_a_maze_image/maze_data/maze_data_20260417_212507_736990/maze_043_size_31x31_seed_723993357/maze_31_31_723993357_DFS_final_step0127.png,"[[3.5,86.5],[12.0,86.5],[12.0,94.5],[20.5,94.5],[28.5,94.5],[36.5,94.5],[45.0,94.5],[45.0,102.5],[45.0,111.0],[36.5,111.0],[28.5,111.0],[20.5,111.0],[12.0,111.0],[12.0,119.5],[12.0,127.5],[20.5,127.5],[28.5,127.5],[28.5,135.5],[28.5,144.0],[36.5,144.0],[45.0,144.0],[53.5,144.0],[61.5,144.0],[69.5,144.0],[78.0,144.0],[78.0,152.5],[78.0,160.5],[78.0,168.5],[78.0,177.0],[69.5,177.0],[61.5,177.0],[61.5,185.5],[61.5,193.5],[69.5,193.5],[78.0,193.5],[78.0,201.5],[78.0,210.0],[69.5,210.0],[61.5,210.0],[61.5,218.5],[61.5,226.5],[61.5,234.5],[61.5,243.0],[69.5,243.0],[78.0,243.0],[78.0,234.5],[78.0,226.5],[86.5,226.5],[94.5,226.5],[94.5,218.5],[94.5,210.0],[94.5,201.5],[94.5,193.5],[94.5,185.5],[94.5,177.0],[94.5,168.5],[94.5,160.5],[94.5,152.5],[94.5,144.0],[102.5,144.0],[111.0,144.0],[111.0,152.5],[111.0,160.5],[111.0,168.5],[111.0,177.0],[119.5,177.0],[127.5,177.0],[127.5,185.5],[127.5,193.5],[119.5,193.5],[111.0,193.5],[111.0,201.5],[111.0,210.0],[111.0,218.5],[111.0,226.5],[111.0,234.5],[111.0,243.0],[119.5,243.0],[127.5,243.0],[135.5,243.0],[144.0,243.0],[144.0,234.5],[144.0,226.5],[152.5,226.5],[160.5,226.5],[160.5,218.5],[160.5,210.0],[168.5,210.0],[177.0,210.0],[177.0,201.5],[177.0,193.5],[177.0,185.5],[177.0,177.0],[177.0,168.5],[177.0,160.5],[177.0,152.5],[177.0,144.0],[185.5,144.0],[193.5,144.0],[193.5,135.5],[193.5,127.5],[193.5,119.5],[193.5,111.0],[193.5,102.5],[193.5,94.5],[193.5,86.5],[193.5,78.0],[193.5,69.5],[193.5,61.5],[193.5,53.5],[193.5,45.0],[185.5,45.0],[177.0,45.0],[177.0,36.5],[177.0,28.5],[177.0,20.5],[177.0,12.0],[185.5,12.0],[193.5,12.0],[201.5,12.0],[210.0,12.0],[218.5,12.0],[226.5,12.0],[226.5,20.5],[226.5,28.5],[226.5,36.5],[226.5,45.0]]",2
/home/nvidia/users/ella/solve_a_maze_image/solve_a_maze_image/maze_data/maze_data_20260417_212507_736990/maze_043_size_31x31_seed_723993357/maze_31_31_723993357_DFS_final_step0128.png,"[[3.5,86.5],[12.0,86.5],[12.0,94.5],[20.5,94.5],[28.5,94.5],[36.5,94.5],[45.0,94.5],[45.0,102.5],[45.0,111.0],[36.5,111.0],[28.5,111.0],[20.5,111.0],[12.0,111.0],[12.0,119.5],[12.0,127.5],[20.5,127.5],[28.5,127.5],[28.5,135.5],[28.5,144.0],[36.5,144.0],[45.0,144.0],[53.5,144.0],[61.5,144.0],[69.5,144.0],[78.0,144.0],[78.0,152.5],[78.0,160.5],[78.0,168.5],[78.0,177.0],[69.5,177.0],[61.5,177.0],[61.5,185.5],[61.5,193.5],[69.5,193.5],[78.0,193.5],[78.0,201.5],[78.0,210.0],[69.5,210.0],[61.5,210.0],[61.5,218.5],[61.5,226.5],[61.5,234.5],[61.5,243.0],[69.5,243.0],[78.0,243.0],[78.0,234.5],[78.0,226.5],[86.5,226.5],[94.5,226.5],[94.5,218.5],[94.5,210.0],[94.5,201.5],[94.5,193.5],[94.5,185.5],[94.5,177.0],[94.5,168.5],[94.5,160.5],[94.5,152.5],[94.5,144.0],[102.5,144.0],[111.0,144.0],[111.0,152.5],[111.0,160.5],[111.0,168.5],[111.0,177.0],[119.5,177.0],[127.5,177.0],[127.5,185.5],[127.5,193.5],[119.5,193.5],[111.0,193.5],[111.0,201.5],[111.0,210.0],[111.0,218.5],[111.0,226.5],[111.0,234.5],[111.0,243.0],[119.5,243.0],[127.5,243.0],[135.5,243.0],[144.0,243.0],[144.0,234.5],[144.0,226.5],[152.5,226.5],[160.5,226.5],[160.5,218.5],[160.5,210.0],[168.5,210.0],[177.0,210.0],[177.0,201.5],[177.0,193.5],[177.0,185.5],[177.0,177.0],[177.0,168.5],[177.0,160.5],[177.0,152.5],[177.0,144.0],[185.5,144.0],[193.5,144.0],[193.5,135.5],[193.5,127.5],[193.5,119.5],[193.5,111.0],[193.5,102.5],[193.5,94.5],[193.5,86.5],[193.5,78.0],[193.5,69.5],[193.5,61.5],[193.5,53.5],[193.5,45.0],[185.5,45.0],[177.0,45.0],[177.0,36.5],[177.0,28.5],[177.0,20.5],[177.0,12.0],[185.5,12.0],[193.5,12.0],[201.5,12.0],[210.0,12.0],[218.5,12.0],[226.5,12.0],[226.5,20.5],[226.5,28.5],[226.5,36.5],[226.5,45.0],[218.5,45.0]]",2
/home/nvidia/users/ella/solve_a_maze_image/solve_a_maze_image/maze_data/maze_data_20260417_212507_736990/maze_043_size_31x31_seed_723993357/maze_31_31_723993357_DFS_final_step0129.png,"[[3.5,86.5],[12.0,86.5],[12.0,94.5],[20.5,94.5],[28.5,94.5],[36.5,94.5],[45.0,94.5],[45.0,102.5],[45.0,111.0],[36.5,111.0],[28.5,111.0],[20.5,111.0],[12.0,111.0],[12.0,119.5],[12.0,127.5],[20.5,127.5],[28.5,127.5],[28.5,135.5],[28.5,144.0],[36.5,144.0],[45.0,144.0],[53.5,144.0],[61.5,144.0],[69.5,144.0],[78.0,144.0],[78.0,152.5],[78.0,160.5],[78.0,168.5],[78.0,177.0],[69.5,177.0],[61.5,177.0],[61.5,185.5],[61.5,193.5],[69.5,193.5],[78.0,193.5],[78.0,201.5],[78.0,210.0],[69.5,210.0],[61.5,210.0],[61.5,218.5],[61.5,226.5],[61.5,234.5],[61.5,243.0],[69.5,243.0],[78.0,243.0],[78.0,234.5],[78.0,226.5],[86.5,226.5],[94.5,226.5],[94.5,218.5],[94.5,210.0],[94.5,201.5],[94.5,193.5],[94.5,185.5],[94.5,177.0],[94.5,168.5],[94.5,160.5],[94.5,152.5],[94.5,144.0],[102.5,144.0],[111.0,144.0],[111.0,152.5],[111.0,160.5],[111.0,168.5],[111.0,177.0],[119.5,177.0],[127.5,177.0],[127.5,185.5],[127.5,193.5],[119.5,193.5],[111.0,193.5],[111.0,201.5],[111.0,210.0],[111.0,218.5],[111.0,226.5],[111.0,234.5],[111.0,243.0],[119.5,243.0],[127.5,243.0],[135.5,243.0],[144.0,243.0],[144.0,234.5],[144.0,226.5],[152.5,226.5],[160.5,226.5],[160.5,218.5],[160.5,210.0],[168.5,210.0],[177.0,210.0],[177.0,201.5],[177.0,193.5],[177.0,185.5],[177.0,177.0],[177.0,168.5],[177.0,160.5],[177.0,152.5],[177.0,144.0],[185.5,144.0],[193.5,144.0],[193.5,135.5],[193.5,127.5],[193.5,119.5],[193.5,111.0],[193.5,102.5],[193.5,94.5],[193.5,86.5],[193.5,78.0],[193.5,69.5],[193.5,61.5],[193.5,53.5],[193.5,45.0],[185.5,45.0],[177.0,45.0],[177.0,36.5],[177.0,28.5],[177.0,20.5],[177.0,12.0],[185.5,12.0],[193.5,12.0],[201.5,12.0],[210.0,12.0],[218.5,12.0],[226.5,12.0],[226.5,20.5],[226.5,28.5],[226.5,36.5],[226.5,45.0],[218.5,45.0],[210.0,45.0]]",2
/home/nvidia/users/ella/solve_a_maze_image/solve_a_maze_image/maze_data/maze_data_20260417_212507_736990/maze_043_size_31x31_seed_723993357/maze_31_31_723993357_DFS_final_step0130.png,"[[3.5,86.5],[12.0,86.5],[12.0,94.5],[20.5,94.5],[28.5,94.5],[36.5,94.5],[45.0,94.5],[45.0,102.5],[45.0,111.0],[36.5,111.0],[28.5,111.0],[20.5,111.0],[12.0,111.0],[12.0,119.5],[12.0,127.5],[20.5,127.5],[28.5,127.5],[28.5,135.5],[28.5,144.0],[36.5,144.0],[45.0,144.0],[53.5,144.0],[61.5,144.0],[69.5,144.0],[78.0,144.0],[78.0,152.5],[78.0,160.5],[78.0,168.5],[78.0,177.0],[69.5,177.0],[61.5,177.0],[61.5,185.5],[61.5,193.5],[69.5,193.5],[78.0,193.5],[78.0,201.5],[78.0,210.0],[69.5,210.0],[61.5,210.0],[61.5,218.5],[61.5,226.5],[61.5,234.5],[61.5,243.0],[69.5,243.0],[78.0,243.0],[78.0,234.5],[78.0,226.5],[86.5,226.5],[94.5,226.5],[94.5,218.5],[94.5,210.0],[94.5,201.5],[94.5,193.5],[94.5,185.5],[94.5,177.0],[94.5,168.5],[94.5,160.5],[94.5,152.5],[94.5,144.0],[102.5,144.0],[111.0,144.0],[111.0,152.5],[111.0,160.5],[111.0,168.5],[111.0,177.0],[119.5,177.0],[127.5,177.0],[127.5,185.5],[127.5,193.5],[119.5,193.5],[111.0,193.5],[111.0,201.5],[111.0,210.0],[111.0,218.5],[111.0,226.5],[111.0,234.5],[111.0,243.0],[119.5,243.0],[127.5,243.0],[135.5,243.0],[144.0,243.0],[144.0,234.5],[144.0,226.5],[152.5,226.5],[160.5,226.5],[160.5,218.5],[160.5,210.0],[168.5,210.0],[177.0,210.0],[177.0,201.5],[177.0,193.5],[177.0,185.5],[177.0,177.0],[177.0,168.5],[177.0,160.5],[177.0,152.5],[177.0,144.0],[185.5,144.0],[193.5,144.0],[193.5,135.5],[193.5,127.5],[193.5,119.5],[193.5,111.0],[193.5,102.5],[193.5,94.5],[193.5,86.5],[193.5,78.0],[193.5,69.5],[193.5,61.5],[193.5,53.5],[193.5,45.0],[185.5,45.0],[177.0,45.0],[177.0,36.5],[177.0,28.5],[177.0,20.5],[177.0,12.0],[185.5,12.0],[193.5,12.0],[201.5,12.0],[210.0,12.0],[218.5,12.0],[226.5,12.0],[226.5,20.5],[226.5,28.5],[226.5,36.5],[226.5,45.0],[218.5,45.0],[210.0,45.0],[210.0,53.5]]",2
/home/nvidia/users/ella/solve_a_maze_image/solve_a_maze_image/maze_data/maze_data_20260417_212507_736990/maze_043_size_31x31_seed_723993357/maze_31_31_723993357_DFS_final_step0131.png,"[[3.5,86.5],[12.0,86.5],[12.0,94.5],[20.5,94.5],[28.5,94.5],[36.5,94.5],[45.0,94.5],[45.0,102.5],[45.0,111.0],[36.5,111.0],[28.5,111.0],[20.5,111.0],[12.0,111.0],[12.0,119.5],[12.0,127.5],[20.5,127.5],[28.5,127.5],[28.5,135.5],[28.5,144.0],[36.5,144.0],[45.0,144.0],[53.5,144.0],[61.5,144.0],[69.5,144.0],[78.0,144.0],[78.0,152.5],[78.0,160.5],[78.0,168.5],[78.0,177.0],[69.5,177.0],[61.5,177.0],[61.5,185.5],[61.5,193.5],[69.5,193.5],[78.0,193.5],[78.0,201.5],[78.0,210.0],[69.5,210.0],[61.5,210.0],[61.5,218.5],[61.5,226.5],[61.5,234.5],[61.5,243.0],[69.5,243.0],[78.0,243.0],[78.0,234.5],[78.0,226.5],[86.5,226.5],[94.5,226.5],[94.5,218.5],[94.5,210.0],[94.5,201.5],[94.5,193.5],[94.5,185.5],[94.5,177.0],[94.5,168.5],[94.5,160.5],[94.5,152.5],[94.5,144.0],[102.5,144.0],[111.0,144.0],[111.0,152.5],[111.0,160.5],[111.0,168.5],[111.0,177.0],[119.5,177.0],[127.5,177.0],[127.5,185.5],[127.5,193.5],[119.5,193.5],[111.0,193.5],[111.0,201.5],[111.0,210.0],[111.0,218.5],[111.0,226.5],[111.0,234.5],[111.0,243.0],[119.5,243.0],[127.5,243.0],[135.5,243.0],[144.0,243.0],[144.0,234.5],[144.0,226.5],[152.5,226.5],[160.5,226.5],[160.5,218.5],[160.5,210.0],[168.5,210.0],[177.0,210.0],[177.0,201.5],[177.0,193.5],[177.0,185.5],[177.0,177.0],[177.0,168.5],[177.0,160.5],[177.0,152.5],[177.0,144.0],[185.5,144.0],[193.5,144.0],[193.5,135.5],[193.5,127.5],[193.5,119.5],[193.5,111.0],[193.5,102.5],[193.5,94.5],[193.5,86.5],[193.5,78.0],[193.5,69.5],[193.5,61.5],[193.5,53.5],[193.5,45.0],[185.5,45.0],[177.0,45.0],[177.0,36.5],[177.0,28.5],[177.0,20.5],[177.0,12.0],[185.5,12.0],[193.5,12.0],[201.5,12.0],[210.0,12.0],[218.5,12.0],[226.5,12.0],[226.5,20.5],[226.5,28.5],[226.5,36.5],[226.5,45.0],[218.5,45.0],[210.0,45.0],[210.0,53.5],[210.0,61.5]]",2
/home/nvidia/users/ella/solve_a_maze_image/solve_a_maze_image/maze_data/maze_data_20260417_212507_736990/maze_043_size_31x31_seed_723993357/maze_31_31_723993357_DFS_final_step0132.png,"[[3.5,86.5],[12.0,86.5],[12.0,94.5],[20.5,94.5],[28.5,94.5],[36.5,94.5],[45.0,94.5],[45.0,102.5],[45.0,111.0],[36.5,111.0],[28.5,111.0],[20.5,111.0],[12.0,111.0],[12.0,119.5],[12.0,127.5],[20.5,127.5],[28.5,127.5],[28.5,135.5],[28.5,144.0],[36.5,144.0],[45.0,144.0],[53.5,144.0],[61.5,144.0],[69.5,144.0],[78.0,144.0],[78.0,152.5],[78.0,160.5],[78.0,168.5],[78.0,177.0],[69.5,177.0],[61.5,177.0],[61.5,185.5],[61.5,193.5],[69.5,193.5],[78.0,193.5],[78.0,201.5],[78.0,210.0],[69.5,210.0],[61.5,210.0],[61.5,218.5],[61.5,226.5],[61.5,234.5],[61.5,243.0],[69.5,243.0],[78.0,243.0],[78.0,234.5],[78.0,226.5],[86.5,226.5],[94.5,226.5],[94.5,218.5],[94.5,210.0],[94.5,201.5],[94.5,193.5],[94.5,185.5],[94.5,177.0],[94.5,168.5],[94.5,160.5],[94.5,152.5],[94.5,144.0],[102.5,144.0],[111.0,144.0],[111.0,152.5],[111.0,160.5],[111.0,168.5],[111.0,177.0],[119.5,177.0],[127.5,177.0],[127.5,185.5],[127.5,193.5],[119.5,193.5],[111.0,193.5],[111.0,201.5],[111.0,210.0],[111.0,218.5],[111.0,226.5],[111.0,234.5],[111.0,243.0],[119.5,243.0],[127.5,243.0],[135.5,243.0],[144.0,243.0],[144.0,234.5],[144.0,226.5],[152.5,226.5],[160.5,226.5],[160.5,218.5],[160.5,210.0],[168.5,210.0],[177.0,210.0],[177.0,201.5],[177.0,193.5],[177.0,185.5],[177.0,177.0],[177.0,168.5],[177.0,160.5],[177.0,152.5],[177.0,144.0],[185.5,144.0],[193.5,144.0],[193.5,135.5],[193.5,127.5],[193.5,119.5],[193.5,111.0],[193.5,102.5],[193.5,94.5],[193.5,86.5],[193.5,78.0],[193.5,69.5],[193.5,61.5],[193.5,53.5],[193.5,45.0],[185.5,45.0],[177.0,45.0],[177.0,36.5],[177.0,28.5],[177.0,20.5],[177.0,12.0],[185.5,12.0],[193.5,12.0],[201.5,12.0],[210.0,12.0],[218.5,12.0],[226.5,12.0],[226.5,20.5],[226.5,28.5],[226.5,36.5],[226.5,45.0],[218.5,45.0],[210.0,45.0],[210.0,53.5],[210.0,61.5],[210.0,69.5]]",2
/home/nvidia/users/ella/solve_a_maze_image/solve_a_maze_image/maze_data/maze_data_20260417_212507_736990/maze_043_size_31x31_seed_723993357/maze_31_31_723993357_DFS_final_step0133.png,"[[3.5,86.5],[12.0,86.5],[12.0,94.5],[20.5,94.5],[28.5,94.5],[36.5,94.5],[45.0,94.5],[45.0,102.5],[45.0,111.0],[36.5,111.0],[28.5,111.0],[20.5,111.0],[12.0,111.0],[12.0,119.5],[12.0,127.5],[20.5,127.5],[28.5,127.5],[28.5,135.5],[28.5,144.0],[36.5,144.0],[45.0,144.0],[53.5,144.0],[61.5,144.0],[69.5,144.0],[78.0,144.0],[78.0,152.5],[78.0,160.5],[78.0,168.5],[78.0,177.0],[69.5,177.0],[61.5,177.0],[61.5,185.5],[61.5,193.5],[69.5,193.5],[78.0,193.5],[78.0,201.5],[78.0,210.0],[69.5,210.0],[61.5,210.0],[61.5,218.5],[61.5,226.5],[61.5,234.5],[61.5,243.0],[69.5,243.0],[78.0,243.0],[78.0,234.5],[78.0,226.5],[86.5,226.5],[94.5,226.5],[94.5,218.5],[94.5,210.0],[94.5,201.5],[94.5,193.5],[94.5,185.5],[94.5,177.0],[94.5,168.5],[94.5,160.5],[94.5,152.5],[94.5,144.0],[102.5,144.0],[111.0,144.0],[111.0,152.5],[111.0,160.5],[111.0,168.5],[111.0,177.0],[119.5,177.0],[127.5,177.0],[127.5,185.5],[127.5,193.5],[119.5,193.5],[111.0,193.5],[111.0,201.5],[111.0,210.0],[111.0,218.5],[111.0,226.5],[111.0,234.5],[111.0,243.0],[119.5,243.0],[127.5,243.0],[135.5,243.0],[144.0,243.0],[144.0,234.5],[144.0,226.5],[152.5,226.5],[160.5,226.5],[160.5,218.5],[160.5,210.0],[168.5,210.0],[177.0,210.0],[177.0,201.5],[177.0,193.5],[177.0,185.5],[177.0,177.0],[177.0,168.5],[177.0,160.5],[177.0,152.5],[177.0,144.0],[185.5,144.0],[193.5,144.0],[193.5,135.5],[193.5,127.5],[193.5,119.5],[193.5,111.0],[193.5,102.5],[193.5,94.5],[193.5,86.5],[193.5,78.0],[193.5,69.5],[193.5,61.5],[193.5,53.5],[193.5,45.0],[185.5,45.0],[177.0,45.0],[177.0,36.5],[177.0,28.5],[177.0,20.5],[177.0,12.0],[185.5,12.0],[193.5,12.0],[201.5,12.0],[210.0,12.0],[218.5,12.0],[226.5,12.0],[226.5,20.5],[226.5,28.5],[226.5,36.5],[226.5,45.0],[218.5,45.0],[210.0,45.0],[210.0,53.5],[210.0,61.5],[210.0,69.5],[210.0,78.0]]",2
/home/nvidia/users/ella/solve_a_maze_image/solve_a_maze_image/maze_data/maze_data_20260417_212507_736990/maze_043_size_31x31_seed_723993357/maze_31_31_723993357_DFS_final_step0134.png,"[[3.5,86.5],[12.0,86.5],[12.0,94.5],[20.5,94.5],[28.5,94.5],[36.5,94.5],[45.0,94.5],[45.0,102.5],[45.0,111.0],[36.5,111.0],[28.5,111.0],[20.5,111.0],[12.0,111.0],[12.0,119.5],[12.0,127.5],[20.5,127.5],[28.5,127.5],[28.5,135.5],[28.5,144.0],[36.5,144.0],[45.0,144.0],[53.5,144.0],[61.5,144.0],[69.5,144.0],[78.0,144.0],[78.0,152.5],[78.0,160.5],[78.0,168.5],[78.0,177.0],[69.5,177.0],[61.5,177.0],[61.5,185.5],[61.5,193.5],[69.5,193.5],[78.0,193.5],[78.0,201.5],[78.0,210.0],[69.5,210.0],[61.5,210.0],[61.5,218.5],[61.5,226.5],[61.5,234.5],[61.5,243.0],[69.5,243.0],[78.0,243.0],[78.0,234.5],[78.0,226.5],[86.5,226.5],[94.5,226.5],[94.5,218.5],[94.5,210.0],[94.5,201.5],[94.5,193.5],[94.5,185.5],[94.5,177.0],[94.5,168.5],[94.5,160.5],[94.5,152.5],[94.5,144.0],[102.5,144.0],[111.0,144.0],[111.0,152.5],[111.0,160.5],[111.0,168.5],[111.0,177.0],[119.5,177.0],[127.5,177.0],[127.5,185.5],[127.5,193.5],[119.5,193.5],[111.0,193.5],[111.0,201.5],[111.0,210.0],[111.0,218.5],[111.0,226.5],[111.0,234.5],[111.0,243.0],[119.5,243.0],[127.5,243.0],[135.5,243.0],[144.0,243.0],[144.0,234.5],[144.0,226.5],[152.5,226.5],[160.5,226.5],[160.5,218.5],[160.5,210.0],[168.5,210.0],[177.0,210.0],[177.0,201.5],[177.0,193.5],[177.0,185.5],[177.0,177.0],[177.0,168.5],[177.0,160.5],[177.0,152.5],[177.0,144.0],[185.5,144.0],[193.5,144.0],[193.5,135.5],[193.5,127.5],[193.5,119.5],[193.5,111.0],[193.5,102.5],[193.5,94.5],[193.5,86.5],[193.5,78.0],[193.5,69.5],[193.5,61.5],[193.5,53.5],[193.5,45.0],[185.5,45.0],[177.0,45.0],[177.0,36.5],[177.0,28.5],[177.0,20.5],[177.0,12.0],[185.5,12.0],[193.5,12.0],[201.5,12.0],[210.0,12.0],[218.5,12.0],[226.5,12.0],[226.5,20.5],[226.5,28.5],[226.5,36.5],[226.5,45.0],[218.5,45.0],[210.0,45.0],[210.0,53.5],[210.0,61.5],[210.0,69.5],[210.0,78.0],[210.0,86.5]]",2
/home/nvidia/users/ella/solve_a_maze_image/solve_a_maze_image/maze_data/maze_data_20260417_212507_736990/maze_043_size_31x31_seed_723993357/maze_31_31_723993357_DFS_final_step0135.png,"[[3.5,86.5],[12.0,86.5],[12.0,94.5],[20.5,94.5],[28.5,94.5],[36.5,94.5],[45.0,94.5],[45.0,102.5],[45.0,111.0],[36.5,111.0],[28.5,111.0],[20.5,111.0],[12.0,111.0],[12.0,119.5],[12.0,127.5],[20.5,127.5],[28.5,127.5],[28.5,135.5],[28.5,144.0],[36.5,144.0],[45.0,144.0],[53.5,144.0],[61.5,144.0],[69.5,144.0],[78.0,144.0],[78.0,152.5],[78.0,160.5],[78.0,168.5],[78.0,177.0],[69.5,177.0],[61.5,177.0],[61.5,185.5],[61.5,193.5],[69.5,193.5],[78.0,193.5],[78.0,201.5],[78.0,210.0],[69.5,210.0],[61.5,210.0],[61.5,218.5],[61.5,226.5],[61.5,234.5],[61.5,243.0],[69.5,243.0],[78.0,243.0],[78.0,234.5],[78.0,226.5],[86.5,226.5],[94.5,226.5],[94.5,218.5],[94.5,210.0],[94.5,201.5],[94.5,193.5],[94.5,185.5],[94.5,177.0],[94.5,168.5],[94.5,160.5],[94.5,152.5],[94.5,144.0],[102.5,144.0],[111.0,144.0],[111.0,152.5],[111.0,160.5],[111.0,168.5],[111.0,177.0],[119.5,177.0],[127.5,177.0],[127.5,185.5],[127.5,193.5],[119.5,193.5],[111.0,193.5],[111.0,201.5],[111.0,210.0],[111.0,218.5],[111.0,226.5],[111.0,234.5],[111.0,243.0],[119.5,243.0],[127.5,243.0],[135.5,243.0],[144.0,243.0],[144.0,234.5],[144.0,226.5],[152.5,226.5],[160.5,226.5],[160.5,218.5],[160.5,210.0],[168.5,210.0],[177.0,210.0],[177.0,201.5],[177.0,193.5],[177.0,185.5],[177.0,177.0],[177.0,168.5],[177.0,160.5],[177.0,152.5],[177.0,144.0],[185.5,144.0],[193.5,144.0],[193.5,135.5],[193.5,127.5],[193.5,119.5],[193.5,111.0],[193.5,102.5],[193.5,94.5],[193.5,86.5],[193.5,78.0],[193.5,69.5],[193.5,61.5],[193.5,53.5],[193.5,45.0],[185.5,45.0],[177.0,45.0],[177.0,36.5],[177.0,28.5],[177.0,20.5],[177.0,12.0],[185.5,12.0],[193.5,12.0],[201.5,12.0],[210.0,12.0],[218.5,12.0],[226.5,12.0],[226.5,20.5],[226.5,28.5],[226.5,36.5],[226.5,45.0],[218.5,45.0],[210.0,45.0],[210.0,53.5],[210.0,61.5],[210.0,69.5],[210.0,78.0],[210.0,86.5],[210.0,94.5]]",2
/home/nvidia/users/ella/solve_a_maze_image/solve_a_maze_image/maze_data/maze_data_20260417_212507_736990/maze_043_size_31x31_seed_723993357/maze_31_31_723993357_DFS_final_step0136.png,"[[3.5,86.5],[12.0,86.5],[12.0,94.5],[20.5,94.5],[28.5,94.5],[36.5,94.5],[45.0,94.5],[45.0,102.5],[45.0,111.0],[36.5,111.0],[28.5,111.0],[20.5,111.0],[12.0,111.0],[12.0,119.5],[12.0,127.5],[20.5,127.5],[28.5,127.5],[28.5,135.5],[28.5,144.0],[36.5,144.0],[45.0,144.0],[53.5,144.0],[61.5,144.0],[69.5,144.0],[78.0,144.0],[78.0,152.5],[78.0,160.5],[78.0,168.5],[78.0,177.0],[69.5,177.0],[61.5,177.0],[61.5,185.5],[61.5,193.5],[69.5,193.5],[78.0,193.5],[78.0,201.5],[78.0,210.0],[69.5,210.0],[61.5,210.0],[61.5,218.5],[61.5,226.5],[61.5,234.5],[61.5,243.0],[69.5,243.0],[78.0,243.0],[78.0,234.5],[78.0,226.5],[86.5,226.5],[94.5,226.5],[94.5,218.5],[94.5,210.0],[94.5,201.5],[94.5,193.5],[94.5,185.5],[94.5,177.0],[94.5,168.5],[94.5,160.5],[94.5,152.5],[94.5,144.0],[102.5,144.0],[111.0,144.0],[111.0,152.5],[111.0,160.5],[111.0,168.5],[111.0,177.0],[119.5,177.0],[127.5,177.0],[127.5,185.5],[127.5,193.5],[119.5,193.5],[111.0,193.5],[111.0,201.5],[111.0,210.0],[111.0,218.5],[111.0,226.5],[111.0,234.5],[111.0,243.0],[119.5,243.0],[127.5,243.0],[135.5,243.0],[144.0,243.0],[144.0,234.5],[144.0,226.5],[152.5,226.5],[160.5,226.5],[160.5,218.5],[160.5,210.0],[168.5,210.0],[177.0,210.0],[177.0,201.5],[177.0,193.5],[177.0,185.5],[177.0,177.0],[177.0,168.5],[177.0,160.5],[177.0,152.5],[177.0,144.0],[185.5,144.0],[193.5,144.0],[193.5,135.5],[193.5,127.5],[193.5,119.5],[193.5,111.0],[193.5,102.5],[193.5,94.5],[193.5,86.5],[193.5,78.0],[193.5,69.5],[193.5,61.5],[193.5,53.5],[193.5,45.0],[185.5,45.0],[177.0,45.0],[177.0,36.5],[177.0,28.5],[177.0,20.5],[177.0,12.0],[185.5,12.0],[193.5,12.0],[201.5,12.0],[210.0,12.0],[218.5,12.0],[226.5,12.0],[226.5,20.5],[226.5,28.5],[226.5,36.5],[226.5,45.0],[218.5,45.0],[210.0,45.0],[210.0,53.5],[210.0,61.5],[210.0,69.5],[210.0,78.0],[210.0,86.5],[210.0,94.5],[210.0,102.5]]",2
/home/nvidia/users/ella/solve_a_maze_image/solve_a_maze_image/maze_data/maze_data_20260417_212507_736990/maze_043_size_31x31_seed_723993357/maze_31_31_723993357_DFS_final_step0137.png,"[[3.5,86.5],[12.0,86.5],[12.0,94.5],[20.5,94.5],[28.5,94.5],[36.5,94.5],[45.0,94.5],[45.0,102.5],[45.0,111.0],[36.5,111.0],[28.5,111.0],[20.5,111.0],[12.0,111.0],[12.0,119.5],[12.0,127.5],[20.5,127.5],[28.5,127.5],[28.5,135.5],[28.5,144.0],[36.5,144.0],[45.0,144.0],[53.5,144.0],[61.5,144.0],[69.5,144.0],[78.0,144.0],[78.0,152.5],[78.0,160.5],[78.0,168.5],[78.0,177.0],[69.5,177.0],[61.5,177.0],[61.5,185.5],[61.5,193.5],[69.5,193.5],[78.0,193.5],[78.0,201.5],[78.0,210.0],[69.5,210.0],[61.5,210.0],[61.5,218.5],[61.5,226.5],[61.5,234.5],[61.5,243.0],[69.5,243.0],[78.0,243.0],[78.0,234.5],[78.0,226.5],[86.5,226.5],[94.5,226.5],[94.5,218.5],[94.5,210.0],[94.5,201.5],[94.5,193.5],[94.5,185.5],[94.5,177.0],[94.5,168.5],[94.5,160.5],[94.5,152.5],[94.5,144.0],[102.5,144.0],[111.0,144.0],[111.0,152.5],[111.0,160.5],[111.0,168.5],[111.0,177.0],[119.5,177.0],[127.5,177.0],[127.5,185.5],[127.5,193.5],[119.5,193.5],[111.0,193.5],[111.0,201.5],[111.0,210.0],[111.0,218.5],[111.0,226.5],[111.0,234.5],[111.0,243.0],[119.5,243.0],[127.5,243.0],[135.5,243.0],[144.0,243.0],[144.0,234.5],[144.0,226.5],[152.5,226.5],[160.5,226.5],[160.5,218.5],[160.5,210.0],[168.5,210.0],[177.0,210.0],[177.0,201.5],[177.0,193.5],[177.0,185.5],[177.0,177.0],[177.0,168.5],[177.0,160.5],[177.0,152.5],[177.0,144.0],[185.5,144.0],[193.5,144.0],[193.5,135.5],[193.5,127.5],[193.5,119.5],[193.5,111.0],[193.5,102.5],[193.5,94.5],[193.5,86.5],[193.5,78.0],[193.5,69.5],[193.5,61.5],[193.5,53.5],[193.5,45.0],[185.5,45.0],[177.0,45.0],[177.0,36.5],[177.0,28.5],[177.0,20.5],[177.0,12.0],[185.5,12.0],[193.5,12.0],[201.5,12.0],[210.0,12.0],[218.5,12.0],[226.5,12.0],[226.5,20.5],[226.5,28.5],[226.5,36.5],[226.5,45.0],[218.5,45.0],[210.0,45.0],[210.0,53.5],[210.0,61.5],[210.0,69.5],[210.0,78.0],[210.0,86.5],[210.0,94.5],[210.0,102.5],[210.0,111.0]]",2
/home/nvidia/users/ella/solve_a_maze_image/solve_a_maze_image/maze_data/maze_data_20260417_212507_736990/maze_043_size_31x31_seed_723993357/maze_31_31_723993357_DFS_final_step0138.png,"[[3.5,86.5],[12.0,86.5],[12.0,94.5],[20.5,94.5],[28.5,94.5],[36.5,94.5],[45.0,94.5],[45.0,102.5],[45.0,111.0],[36.5,111.0],[28.5,111.0],[20.5,111.0],[12.0,111.0],[12.0,119.5],[12.0,127.5],[20.5,127.5],[28.5,127.5],[28.5,135.5],[28.5,144.0],[36.5,144.0],[45.0,144.0],[53.5,144.0],[61.5,144.0],[69.5,144.0],[78.0,144.0],[78.0,152.5],[78.0,160.5],[78.0,168.5],[78.0,177.0],[69.5,177.0],[61.5,177.0],[61.5,185.5],[61.5,193.5],[69.5,193.5],[78.0,193.5],[78.0,201.5],[78.0,210.0],[69.5,210.0],[61.5,210.0],[61.5,218.5],[61.5,226.5],[61.5,234.5],[61.5,243.0],[69.5,243.0],[78.0,243.0],[78.0,234.5],[78.0,226.5],[86.5,226.5],[94.5,226.5],[94.5,218.5],[94.5,210.0],[94.5,201.5],[94.5,193.5],[94.5,185.5],[94.5,177.0],[94.5,168.5],[94.5,160.5],[94.5,152.5],[94.5,144.0],[102.5,144.0],[111.0,144.0],[111.0,152.5],[111.0,160.5],[111.0,168.5],[111.0,177.0],[119.5,177.0],[127.5,177.0],[127.5,185.5],[127.5,193.5],[119.5,193.5],[111.0,193.5],[111.0,201.5],[111.0,210.0],[111.0,218.5],[111.0,226.5],[111.0,234.5],[111.0,243.0],[119.5,243.0],[127.5,243.0],[135.5,243.0],[144.0,243.0],[144.0,234.5],[144.0,226.5],[152.5,226.5],[160.5,226.5],[160.5,218.5],[160.5,210.0],[168.5,210.0],[177.0,210.0],[177.0,201.5],[177.0,193.5],[177.0,185.5],[177.0,177.0],[177.0,168.5],[177.0,160.5],[177.0,152.5],[177.0,144.0],[185.5,144.0],[193.5,144.0],[193.5,135.5],[193.5,127.5],[193.5,119.5],[193.5,111.0],[193.5,102.5],[193.5,94.5],[193.5,86.5],[193.5,78.0],[193.5,69.5],[193.5,61.5],[193.5,53.5],[193.5,45.0],[185.5,45.0],[177.0,45.0],[177.0,36.5],[177.0,28.5],[177.0,20.5],[177.0,12.0],[185.5,12.0],[193.5,12.0],[201.5,12.0],[210.0,12.0],[218.5,12.0],[226.5,12.0],[226.5,20.5],[226.5,28.5],[226.5,36.5],[226.5,45.0],[218.5,45.0],[210.0,45.0],[210.0,53.5],[210.0,61.5],[210.0,69.5],[210.0,78.0],[210.0,86.5],[210.0,94.5],[210.0,102.5],[210.0,111.0],[218.5,111.0]]",2
/home/nvidia/users/ella/solve_a_maze_image/solve_a_maze_image/maze_data/maze_data_20260417_212507_736990/maze_043_size_31x31_seed_723993357/maze_31_31_723993357_DFS_final_step0139.png,"[[3.5,86.5],[12.0,86.5],[12.0,94.5],[20.5,94.5],[28.5,94.5],[36.5,94.5],[45.0,94.5],[45.0,102.5],[45.0,111.0],[36.5,111.0],[28.5,111.0],[20.5,111.0],[12.0,111.0],[12.0,119.5],[12.0,127.5],[20.5,127.5],[28.5,127.5],[28.5,135.5],[28.5,144.0],[36.5,144.0],[45.0,144.0],[53.5,144.0],[61.5,144.0],[69.5,144.0],[78.0,144.0],[78.0,152.5],[78.0,160.5],[78.0,168.5],[78.0,177.0],[69.5,177.0],[61.5,177.0],[61.5,185.5],[61.5,193.5],[69.5,193.5],[78.0,193.5],[78.0,201.5],[78.0,210.0],[69.5,210.0],[61.5,210.0],[61.5,218.5],[61.5,226.5],[61.5,234.5],[61.5,243.0],[69.5,243.0],[78.0,243.0],[78.0,234.5],[78.0,226.5],[86.5,226.5],[94.5,226.5],[94.5,218.5],[94.5,210.0],[94.5,201.5],[94.5,193.5],[94.5,185.5],[94.5,177.0],[94.5,168.5],[94.5,160.5],[94.5,152.5],[94.5,144.0],[102.5,144.0],[111.0,144.0],[111.0,152.5],[111.0,160.5],[111.0,168.5],[111.0,177.0],[119.5,177.0],[127.5,177.0],[127.5,185.5],[127.5,193.5],[119.5,193.5],[111.0,193.5],[111.0,201.5],[111.0,210.0],[111.0,218.5],[111.0,226.5],[111.0,234.5],[111.0,243.0],[119.5,243.0],[127.5,243.0],[135.5,243.0],[144.0,243.0],[144.0,234.5],[144.0,226.5],[152.5,226.5],[160.5,226.5],[160.5,218.5],[160.5,210.0],[168.5,210.0],[177.0,210.0],[177.0,201.5],[177.0,193.5],[177.0,185.5],[177.0,177.0],[177.0,168.5],[177.0,160.5],[177.0,152.5],[177.0,144.0],[185.5,144.0],[193.5,144.0],[193.5,135.5],[193.5,127.5],[193.5,119.5],[193.5,111.0],[193.5,102.5],[193.5,94.5],[193.5,86.5],[193.5,78.0],[193.5,69.5],[193.5,61.5],[193.5,53.5],[193.5,45.0],[185.5,45.0],[177.0,45.0],[177.0,36.5],[177.0,28.5],[177.0,20.5],[177.0,12.0],[185.5,12.0],[193.5,12.0],[201.5,12.0],[210.0,12.0],[218.5,12.0],[226.5,12.0],[226.5,20.5],[226.5,28.5],[226.5,36.5],[226.5,45.0],[218.5,45.0],[210.0,45.0],[210.0,53.5],[210.0,61.5],[210.0,69.5],[210.0,78.0],[210.0,86.5],[210.0,94.5],[210.0,102.5],[210.0,111.0],[218.5,111.0],[226.5,111.0]]",2
/home/nvidia/users/ella/solve_a_maze_image/solve_a_maze_image/maze_data/maze_data_20260417_212507_736990/maze_043_size_31x31_seed_723993357/maze_31_31_723993357_DFS_final_step0140.png,"[[3.5,86.5],[12.0,86.5],[12.0,94.5],[20.5,94.5],[28.5,94.5],[36.5,94.5],[45.0,94.5],[45.0,102.5],[45.0,111.0],[36.5,111.0],[28.5,111.0],[20.5,111.0],[12.0,111.0],[12.0,119.5],[12.0,127.5],[20.5,127.5],[28.5,127.5],[28.5,135.5],[28.5,144.0],[36.5,144.0],[45.0,144.0],[53.5,144.0],[61.5,144.0],[69.5,144.0],[78.0,144.0],[78.0,152.5],[78.0,160.5],[78.0,168.5],[78.0,177.0],[69.5,177.0],[61.5,177.0],[61.5,185.5],[61.5,193.5],[69.5,193.5],[78.0,193.5],[78.0,201.5],[78.0,210.0],[69.5,210.0],[61.5,210.0],[61.5,218.5],[61.5,226.5],[61.5,234.5],[61.5,243.0],[69.5,243.0],[78.0,243.0],[78.0,234.5],[78.0,226.5],[86.5,226.5],[94.5,226.5],[94.5,218.5],[94.5,210.0],[94.5,201.5],[94.5,193.5],[94.5,185.5],[94.5,177.0],[94.5,168.5],[94.5,160.5],[94.5,152.5],[94.5,144.0],[102.5,144.0],[111.0,144.0],[111.0,152.5],[111.0,160.5],[111.0,168.5],[111.0,177.0],[119.5,177.0],[127.5,177.0],[127.5,185.5],[127.5,193.5],[119.5,193.5],[111.0,193.5],[111.0,201.5],[111.0,210.0],[111.0,218.5],[111.0,226.5],[111.0,234.5],[111.0,243.0],[119.5,243.0],[127.5,243.0],[135.5,243.0],[144.0,243.0],[144.0,234.5],[144.0,226.5],[152.5,226.5],[160.5,226.5],[160.5,218.5],[160.5,210.0],[168.5,210.0],[177.0,210.0],[177.0,201.5],[177.0,193.5],[177.0,185.5],[177.0,177.0],[177.0,168.5],[177.0,160.5],[177.0,152.5],[177.0,144.0],[185.5,144.0],[193.5,144.0],[193.5,135.5],[193.5,127.5],[193.5,119.5],[193.5,111.0],[193.5,102.5],[193.5,94.5],[193.5,86.5],[193.5,78.0],[193.5,69.5],[193.5,61.5],[193.5,53.5],[193.5,45.0],[185.5,45.0],[177.0,45.0],[177.0,36.5],[177.0,28.5],[177.0,20.5],[177.0,12.0],[185.5,12.0],[193.5,12.0],[201.5,12.0],[210.0,12.0],[218.5,12.0],[226.5,12.0],[226.5,20.5],[226.5,28.5],[226.5,36.5],[226.5,45.0],[218.5,45.0],[210.0,45.0],[210.0,53.5],[210.0,61.5],[210.0,69.5],[210.0,78.0],[210.0,86.5],[210.0,94.5],[210.0,102.5],[210.0,111.0],[218.5,111.0],[226.5,111.0],[226.5,102.5]]",2
/home/nvidia/users/ella/solve_a_maze_image/solve_a_maze_image/maze_data/maze_data_20260417_212507_736990/maze_043_size_31x31_seed_723993357/maze_31_31_723993357_DFS_final_step0141.png,"[[3.5,86.5],[12.0,86.5],[12.0,94.5],[20.5,94.5],[28.5,94.5],[36.5,94.5],[45.0,94.5],[45.0,102.5],[45.0,111.0],[36.5,111.0],[28.5,111.0],[20.5,111.0],[12.0,111.0],[12.0,119.5],[12.0,127.5],[20.5,127.5],[28.5,127.5],[28.5,135.5],[28.5,144.0],[36.5,144.0],[45.0,144.0],[53.5,144.0],[61.5,144.0],[69.5,144.0],[78.0,144.0],[78.0,152.5],[78.0,160.5],[78.0,168.5],[78.0,177.0],[69.5,177.0],[61.5,177.0],[61.5,185.5],[61.5,193.5],[69.5,193.5],[78.0,193.5],[78.0,201.5],[78.0,210.0],[69.5,210.0],[61.5,210.0],[61.5,218.5],[61.5,226.5],[61.5,234.5],[61.5,243.0],[69.5,243.0],[78.0,243.0],[78.0,234.5],[78.0,226.5],[86.5,226.5],[94.5,226.5],[94.5,218.5],[94.5,210.0],[94.5,201.5],[94.5,193.5],[94.5,185.5],[94.5,177.0],[94.5,168.5],[94.5,160.5],[94.5,152.5],[94.5,144.0],[102.5,144.0],[111.0,144.0],[111.0,152.5],[111.0,160.5],[111.0,168.5],[111.0,177.0],[119.5,177.0],[127.5,177.0],[127.5,185.5],[127.5,193.5],[119.5,193.5],[111.0,193.5],[111.0,201.5],[111.0,210.0],[111.0,218.5],[111.0,226.5],[111.0,234.5],[111.0,243.0],[119.5,243.0],[127.5,243.0],[135.5,243.0],[144.0,243.0],[144.0,234.5],[144.0,226.5],[152.5,226.5],[160.5,226.5],[160.5,218.5],[160.5,210.0],[168.5,210.0],[177.0,210.0],[177.0,201.5],[177.0,193.5],[177.0,185.5],[177.0,177.0],[177.0,168.5],[177.0,160.5],[177.0,152.5],[177.0,144.0],[185.5,144.0],[193.5,144.0],[193.5,135.5],[193.5,127.5],[193.5,119.5],[193.5,111.0],[193.5,102.5],[193.5,94.5],[193.5,86.5],[193.5,78.0],[193.5,69.5],[193.5,61.5],[193.5,53.5],[193.5,45.0],[185.5,45.0],[177.0,45.0],[177.0,36.5],[177.0,28.5],[177.0,20.5],[177.0,12.0],[185.5,12.0],[193.5,12.0],[201.5,12.0],[210.0,12.0],[218.5,12.0],[226.5,12.0],[226.5,20.5],[226.5,28.5],[226.5,36.5],[226.5,45.0],[218.5,45.0],[210.0,45.0],[210.0,53.5],[210.0,61.5],[210.0,69.5],[210.0,78.0],[210.0,86.5],[210.0,94.5],[210.0,102.5],[210.0,111.0],[218.5,111.0],[226.5,111.0],[226.5,102.5],[226.5,94.5]]",2
/home/nvidia/users/ella/solve_a_maze_image/solve_a_maze_image/maze_data/maze_data_20260417_212507_736990/maze_043_size_31x31_seed_723993357/maze_31_31_723993357_DFS_final_step0142.png,"[[3.5,86.5],[12.0,86.5],[12.0,94.5],[20.5,94.5],[28.5,94.5],[36.5,94.5],[45.0,94.5],[45.0,102.5],[45.0,111.0],[36.5,111.0],[28.5,111.0],[20.5,111.0],[12.0,111.0],[12.0,119.5],[12.0,127.5],[20.5,127.5],[28.5,127.5],[28.5,135.5],[28.5,144.0],[36.5,144.0],[45.0,144.0],[53.5,144.0],[61.5,144.0],[69.5,144.0],[78.0,144.0],[78.0,152.5],[78.0,160.5],[78.0,168.5],[78.0,177.0],[69.5,177.0],[61.5,177.0],[61.5,185.5],[61.5,193.5],[69.5,193.5],[78.0,193.5],[78.0,201.5],[78.0,210.0],[69.5,210.0],[61.5,210.0],[61.5,218.5],[61.5,226.5],[61.5,234.5],[61.5,243.0],[69.5,243.0],[78.0,243.0],[78.0,234.5],[78.0,226.5],[86.5,226.5],[94.5,226.5],[94.5,218.5],[94.5,210.0],[94.5,201.5],[94.5,193.5],[94.5,185.5],[94.5,177.0],[94.5,168.5],[94.5,160.5],[94.5,152.5],[94.5,144.0],[102.5,144.0],[111.0,144.0],[111.0,152.5],[111.0,160.5],[111.0,168.5],[111.0,177.0],[119.5,177.0],[127.5,177.0],[127.5,185.5],[127.5,193.5],[119.5,193.5],[111.0,193.5],[111.0,201.5],[111.0,210.0],[111.0,218.5],[111.0,226.5],[111.0,234.5],[111.0,243.0],[119.5,243.0],[127.5,243.0],[135.5,243.0],[144.0,243.0],[144.0,234.5],[144.0,226.5],[152.5,226.5],[160.5,226.5],[160.5,218.5],[160.5,210.0],[168.5,210.0],[177.0,210.0],[177.0,201.5],[177.0,193.5],[177.0,185.5],[177.0,177.0],[177.0,168.5],[177.0,160.5],[177.0,152.5],[177.0,144.0],[185.5,144.0],[193.5,144.0],[193.5,135.5],[193.5,127.5],[193.5,119.5],[193.5,111.0],[193.5,102.5],[193.5,94.5],[193.5,86.5],[193.5,78.0],[193.5,69.5],[193.5,61.5],[193.5,53.5],[193.5,45.0],[185.5,45.0],[177.0,45.0],[177.0,36.5],[177.0,28.5],[177.0,20.5],[177.0,12.0],[185.5,12.0],[193.5,12.0],[201.5,12.0],[210.0,12.0],[218.5,12.0],[226.5,12.0],[226.5,20.5],[226.5,28.5],[226.5,36.5],[226.5,45.0],[218.5,45.0],[210.0,45.0],[210.0,53.5],[210.0,61.5],[210.0,69.5],[210.0,78.0],[210.0,86.5],[210.0,94.5],[210.0,102.5],[210.0,111.0],[218.5,111.0],[226.5,111.0],[226.5,102.5],[226.5,94.5],[234.5,94.5]]",2
/home/nvidia/users/ella/solve_a_maze_image/solve_a_maze_image/maze_data/maze_data_20260417_212507_736990/maze_043_size_31x31_seed_723993357/maze_31_31_723993357_DFS_final_step0143.png,"[[3.5,86.5],[12.0,86.5],[12.0,94.5],[20.5,94.5],[28.5,94.5],[36.5,94.5],[45.0,94.5],[45.0,102.5],[45.0,111.0],[36.5,111.0],[28.5,111.0],[20.5,111.0],[12.0,111.0],[12.0,119.5],[12.0,127.5],[20.5,127.5],[28.5,127.5],[28.5,135.5],[28.5,144.0],[36.5,144.0],[45.0,144.0],[53.5,144.0],[61.5,144.0],[69.5,144.0],[78.0,144.0],[78.0,152.5],[78.0,160.5],[78.0,168.5],[78.0,177.0],[69.5,177.0],[61.5,177.0],[61.5,185.5],[61.5,193.5],[69.5,193.5],[78.0,193.5],[78.0,201.5],[78.0,210.0],[69.5,210.0],[61.5,210.0],[61.5,218.5],[61.5,226.5],[61.5,234.5],[61.5,243.0],[69.5,243.0],[78.0,243.0],[78.0,234.5],[78.0,226.5],[86.5,226.5],[94.5,226.5],[94.5,218.5],[94.5,210.0],[94.5,201.5],[94.5,193.5],[94.5,185.5],[94.5,177.0],[94.5,168.5],[94.5,160.5],[94.5,152.5],[94.5,144.0],[102.5,144.0],[111.0,144.0],[111.0,152.5],[111.0,160.5],[111.0,168.5],[111.0,177.0],[119.5,177.0],[127.5,177.0],[127.5,185.5],[127.5,193.5],[119.5,193.5],[111.0,193.5],[111.0,201.5],[111.0,210.0],[111.0,218.5],[111.0,226.5],[111.0,234.5],[111.0,243.0],[119.5,243.0],[127.5,243.0],[135.5,243.0],[144.0,243.0],[144.0,234.5],[144.0,226.5],[152.5,226.5],[160.5,226.5],[160.5,218.5],[160.5,210.0],[168.5,210.0],[177.0,210.0],[177.0,201.5],[177.0,193.5],[177.0,185.5],[177.0,177.0],[177.0,168.5],[177.0,160.5],[177.0,152.5],[177.0,144.0],[185.5,144.0],[193.5,144.0],[193.5,135.5],[193.5,127.5],[193.5,119.5],[193.5,111.0],[193.5,102.5],[193.5,94.5],[193.5,86.5],[193.5,78.0],[193.5,69.5],[193.5,61.5],[193.5,53.5],[193.5,45.0],[185.5,45.0],[177.0,45.0],[177.0,36.5],[177.0,28.5],[177.0,20.5],[177.0,12.0],[185.5,12.0],[193.5,12.0],[201.5,12.0],[210.0,12.0],[218.5,12.0],[226.5,12.0],[226.5,20.5],[226.5,28.5],[226.5,36.5],[226.5,45.0],[218.5,45.0],[210.0,45.0],[210.0,53.5],[210.0,61.5],[210.0,69.5],[210.0,78.0],[210.0,86.5],[210.0,94.5],[210.0,102.5],[210.0,111.0],[218.5,111.0],[226.5,111.0],[226.5,102.5],[226.5,94.5],[234.5,94.5],[243.0,94.5]]",2
/home/nvidia/users/ella/solve_a_maze_image/solve_a_maze_image/maze_data/maze_data_20260417_212507_736990/maze_043_size_31x31_seed_723993357/maze_31_31_723993357_DFS_final_step0144.png,"[[3.5,86.5],[12.0,86.5],[12.0,94.5],[20.5,94.5],[28.5,94.5],[36.5,94.5],[45.0,94.5],[45.0,102.5],[45.0,111.0],[36.5,111.0],[28.5,111.0],[20.5,111.0],[12.0,111.0],[12.0,119.5],[12.0,127.5],[20.5,127.5],[28.5,127.5],[28.5,135.5],[28.5,144.0],[36.5,144.0],[45.0,144.0],[53.5,144.0],[61.5,144.0],[69.5,144.0],[78.0,144.0],[78.0,152.5],[78.0,160.5],[78.0,168.5],[78.0,177.0],[69.5,177.0],[61.5,177.0],[61.5,185.5],[61.5,193.5],[69.5,193.5],[78.0,193.5],[78.0,201.5],[78.0,210.0],[69.5,210.0],[61.5,210.0],[61.5,218.5],[61.5,226.5],[61.5,234.5],[61.5,243.0],[69.5,243.0],[78.0,243.0],[78.0,234.5],[78.0,226.5],[86.5,226.5],[94.5,226.5],[94.5,218.5],[94.5,210.0],[94.5,201.5],[94.5,193.5],[94.5,185.5],[94.5,177.0],[94.5,168.5],[94.5,160.5],[94.5,152.5],[94.5,144.0],[102.5,144.0],[111.0,144.0],[111.0,152.5],[111.0,160.5],[111.0,168.5],[111.0,177.0],[119.5,177.0],[127.5,177.0],[127.5,185.5],[127.5,193.5],[119.5,193.5],[111.0,193.5],[111.0,201.5],[111.0,210.0],[111.0,218.5],[111.0,226.5],[111.0,234.5],[111.0,243.0],[119.5,243.0],[127.5,243.0],[135.5,243.0],[144.0,243.0],[144.0,234.5],[144.0,226.5],[152.5,226.5],[160.5,226.5],[160.5,218.5],[160.5,210.0],[168.5,210.0],[177.0,210.0],[177.0,201.5],[177.0,193.5],[177.0,185.5],[177.0,177.0],[177.0,168.5],[177.0,160.5],[177.0,152.5],[177.0,144.0],[185.5,144.0],[193.5,144.0],[193.5,135.5],[193.5,127.5],[193.5,119.5],[193.5,111.0],[193.5,102.5],[193.5,94.5],[193.5,86.5],[193.5,78.0],[193.5,69.5],[193.5,61.5],[193.5,53.5],[193.5,45.0],[185.5,45.0],[177.0,45.0],[177.0,36.5],[177.0,28.5],[177.0,20.5],[177.0,12.0],[185.5,12.0],[193.5,12.0],[201.5,12.0],[210.0,12.0],[218.5,12.0],[226.5,12.0],[226.5,20.5],[226.5,28.5],[226.5,36.5],[226.5,45.0],[218.5,45.0],[210.0,45.0],[210.0,53.5],[210.0,61.5],[210.0,69.5],[210.0,78.0],[210.0,86.5],[210.0,94.5],[210.0,102.5],[210.0,111.0],[218.5,111.0],[226.5,111.0],[226.5,102.5],[226.5,94.5],[234.5,94.5],[243.0,94.5],[243.0,102.5]]",2
/home/nvidia/users/ella/solve_a_maze_image/solve_a_maze_image/maze_data/maze_data_20260417_212507_736990/maze_043_size_31x31_seed_723993357/maze_31_31_723993357_DFS_final_step0145.png,"[[3.5,86.5],[12.0,86.5],[12.0,94.5],[20.5,94.5],[28.5,94.5],[36.5,94.5],[45.0,94.5],[45.0,102.5],[45.0,111.0],[36.5,111.0],[28.5,111.0],[20.5,111.0],[12.0,111.0],[12.0,119.5],[12.0,127.5],[20.5,127.5],[28.5,127.5],[28.5,135.5],[28.5,144.0],[36.5,144.0],[45.0,144.0],[53.5,144.0],[61.5,144.0],[69.5,144.0],[78.0,144.0],[78.0,152.5],[78.0,160.5],[78.0,168.5],[78.0,177.0],[69.5,177.0],[61.5,177.0],[61.5,185.5],[61.5,193.5],[69.5,193.5],[78.0,193.5],[78.0,201.5],[78.0,210.0],[69.5,210.0],[61.5,210.0],[61.5,218.5],[61.5,226.5],[61.5,234.5],[61.5,243.0],[69.5,243.0],[78.0,243.0],[78.0,234.5],[78.0,226.5],[86.5,226.5],[94.5,226.5],[94.5,218.5],[94.5,210.0],[94.5,201.5],[94.5,193.5],[94.5,185.5],[94.5,177.0],[94.5,168.5],[94.5,160.5],[94.5,152.5],[94.5,144.0],[102.5,144.0],[111.0,144.0],[111.0,152.5],[111.0,160.5],[111.0,168.5],[111.0,177.0],[119.5,177.0],[127.5,177.0],[127.5,185.5],[127.5,193.5],[119.5,193.5],[111.0,193.5],[111.0,201.5],[111.0,210.0],[111.0,218.5],[111.0,226.5],[111.0,234.5],[111.0,243.0],[119.5,243.0],[127.5,243.0],[135.5,243.0],[144.0,243.0],[144.0,234.5],[144.0,226.5],[152.5,226.5],[160.5,226.5],[160.5,218.5],[160.5,210.0],[168.5,210.0],[177.0,210.0],[177.0,201.5],[177.0,193.5],[177.0,185.5],[177.0,177.0],[177.0,168.5],[177.0,160.5],[177.0,152.5],[177.0,144.0],[185.5,144.0],[193.5,144.0],[193.5,135.5],[193.5,127.5],[193.5,119.5],[193.5,111.0],[193.5,102.5],[193.5,94.5],[193.5,86.5],[193.5,78.0],[193.5,69.5],[193.5,61.5],[193.5,53.5],[193.5,45.0],[185.5,45.0],[177.0,45.0],[177.0,36.5],[177.0,28.5],[177.0,20.5],[177.0,12.0],[185.5,12.0],[193.5,12.0],[201.5,12.0],[210.0,12.0],[218.5,12.0],[226.5,12.0],[226.5,20.5],[226.5,28.5],[226.5,36.5],[226.5,45.0],[218.5,45.0],[210.0,45.0],[210.0,53.5],[210.0,61.5],[210.0,69.5],[210.0,78.0],[210.0,86.5],[210.0,94.5],[210.0,102.5],[210.0,111.0],[218.5,111.0],[226.5,111.0],[226.5,102.5],[226.5,94.5],[234.5,94.5],[243.0,94.5],[243.0,102.5],[243.0,111.0]]",2
/home/nvidia/users/ella/solve_a_maze_image/solve_a_maze_image/maze_data/maze_data_20260417_212507_736990/maze_043_size_31x31_seed_723993357/maze_31_31_723993357_DFS_final_step0146.png,"[[3.5,86.5],[12.0,86.5],[12.0,94.5],[20.5,94.5],[28.5,94.5],[36.5,94.5],[45.0,94.5],[45.0,102.5],[45.0,111.0],[36.5,111.0],[28.5,111.0],[20.5,111.0],[12.0,111.0],[12.0,119.5],[12.0,127.5],[20.5,127.5],[28.5,127.5],[28.5,135.5],[28.5,144.0],[36.5,144.0],[45.0,144.0],[53.5,144.0],[61.5,144.0],[69.5,144.0],[78.0,144.0],[78.0,152.5],[78.0,160.5],[78.0,168.5],[78.0,177.0],[69.5,177.0],[61.5,177.0],[61.5,185.5],[61.5,193.5],[69.5,193.5],[78.0,193.5],[78.0,201.5],[78.0,210.0],[69.5,210.0],[61.5,210.0],[61.5,218.5],[61.5,226.5],[61.5,234.5],[61.5,243.0],[69.5,243.0],[78.0,243.0],[78.0,234.5],[78.0,226.5],[86.5,226.5],[94.5,226.5],[94.5,218.5],[94.5,210.0],[94.5,201.5],[94.5,193.5],[94.5,185.5],[94.5,177.0],[94.5,168.5],[94.5,160.5],[94.5,152.5],[94.5,144.0],[102.5,144.0],[111.0,144.0],[111.0,152.5],[111.0,160.5],[111.0,168.5],[111.0,177.0],[119.5,177.0],[127.5,177.0],[127.5,185.5],[127.5,193.5],[119.5,193.5],[111.0,193.5],[111.0,201.5],[111.0,210.0],[111.0,218.5],[111.0,226.5],[111.0,234.5],[111.0,243.0],[119.5,243.0],[127.5,243.0],[135.5,243.0],[144.0,243.0],[144.0,234.5],[144.0,226.5],[152.5,226.5],[160.5,226.5],[160.5,218.5],[160.5,210.0],[168.5,210.0],[177.0,210.0],[177.0,201.5],[177.0,193.5],[177.0,185.5],[177.0,177.0],[177.0,168.5],[177.0,160.5],[177.0,152.5],[177.0,144.0],[185.5,144.0],[193.5,144.0],[193.5,135.5],[193.5,127.5],[193.5,119.5],[193.5,111.0],[193.5,102.5],[193.5,94.5],[193.5,86.5],[193.5,78.0],[193.5,69.5],[193.5,61.5],[193.5,53.5],[193.5,45.0],[185.5,45.0],[177.0,45.0],[177.0,36.5],[177.0,28.5],[177.0,20.5],[177.0,12.0],[185.5,12.0],[193.5,12.0],[201.5,12.0],[210.0,12.0],[218.5,12.0],[226.5,12.0],[226.5,20.5],[226.5,28.5],[226.5,36.5],[226.5,45.0],[218.5,45.0],[210.0,45.0],[210.0,53.5],[210.0,61.5],[210.0,69.5],[210.0,78.0],[210.0,86.5],[210.0,94.5],[210.0,102.5],[210.0,111.0],[218.5,111.0],[226.5,111.0],[226.5,102.5],[226.5,94.5],[234.5,94.5],[243.0,94.5],[243.0,102.5],[243.0,111.0],[243.0,119.5]]",2
/home/nvidia/users/ella/solve_a_maze_image/solve_a_maze_image/maze_data/maze_data_20260417_212507_736990/maze_043_size_31x31_seed_723993357/maze_31_31_723993357_DFS_final_step0147.png,"[[3.5,86.5],[12.0,86.5],[12.0,94.5],[20.5,94.5],[28.5,94.5],[36.5,94.5],[45.0,94.5],[45.0,102.5],[45.0,111.0],[36.5,111.0],[28.5,111.0],[20.5,111.0],[12.0,111.0],[12.0,119.5],[12.0,127.5],[20.5,127.5],[28.5,127.5],[28.5,135.5],[28.5,144.0],[36.5,144.0],[45.0,144.0],[53.5,144.0],[61.5,144.0],[69.5,144.0],[78.0,144.0],[78.0,152.5],[78.0,160.5],[78.0,168.5],[78.0,177.0],[69.5,177.0],[61.5,177.0],[61.5,185.5],[61.5,193.5],[69.5,193.5],[78.0,193.5],[78.0,201.5],[78.0,210.0],[69.5,210.0],[61.5,210.0],[61.5,218.5],[61.5,226.5],[61.5,234.5],[61.5,243.0],[69.5,243.0],[78.0,243.0],[78.0,234.5],[78.0,226.5],[86.5,226.5],[94.5,226.5],[94.5,218.5],[94.5,210.0],[94.5,201.5],[94.5,193.5],[94.5,185.5],[94.5,177.0],[94.5,168.5],[94.5,160.5],[94.5,152.5],[94.5,144.0],[102.5,144.0],[111.0,144.0],[111.0,152.5],[111.0,160.5],[111.0,168.5],[111.0,177.0],[119.5,177.0],[127.5,177.0],[127.5,185.5],[127.5,193.5],[119.5,193.5],[111.0,193.5],[111.0,201.5],[111.0,210.0],[111.0,218.5],[111.0,226.5],[111.0,234.5],[111.0,243.0],[119.5,243.0],[127.5,243.0],[135.5,243.0],[144.0,243.0],[144.0,234.5],[144.0,226.5],[152.5,226.5],[160.5,226.5],[160.5,218.5],[160.5,210.0],[168.5,210.0],[177.0,210.0],[177.0,201.5],[177.0,193.5],[177.0,185.5],[177.0,177.0],[177.0,168.5],[177.0,160.5],[177.0,152.5],[177.0,144.0],[185.5,144.0],[193.5,144.0],[193.5,135.5],[193.5,127.5],[193.5,119.5],[193.5,111.0],[193.5,102.5],[193.5,94.5],[193.5,86.5],[193.5,78.0],[193.5,69.5],[193.5,61.5],[193.5,53.5],[193.5,45.0],[185.5,45.0],[177.0,45.0],[177.0,36.5],[177.0,28.5],[177.0,20.5],[177.0,12.0],[185.5,12.0],[193.5,12.0],[201.5,12.0],[210.0,12.0],[218.5,12.0],[226.5,12.0],[226.5,20.5],[226.5,28.5],[226.5,36.5],[226.5,45.0],[218.5,45.0],[210.0,45.0],[210.0,53.5],[210.0,61.5],[210.0,69.5],[210.0,78.0],[210.0,86.5],[210.0,94.5],[210.0,102.5],[210.0,111.0],[218.5,111.0],[226.5,111.0],[226.5,102.5],[226.5,94.5],[234.5,94.5],[243.0,94.5],[243.0,102.5],[243.0,111.0],[243.0,119.5],[243.0,127.5]]",2
/home/nvidia/users/ella/solve_a_maze_image/solve_a_maze_image/maze_data/maze_data_20260417_212507_736990/maze_043_size_31x31_seed_723993357/maze_31_31_723993357_DFS_final_step0148.png,"[[3.5,86.5],[12.0,86.5],[12.0,94.5],[20.5,94.5],[28.5,94.5],[36.5,94.5],[45.0,94.5],[45.0,102.5],[45.0,111.0],[36.5,111.0],[28.5,111.0],[20.5,111.0],[12.0,111.0],[12.0,119.5],[12.0,127.5],[20.5,127.5],[28.5,127.5],[28.5,135.5],[28.5,144.0],[36.5,144.0],[45.0,144.0],[53.5,144.0],[61.5,144.0],[69.5,144.0],[78.0,144.0],[78.0,152.5],[78.0,160.5],[78.0,168.5],[78.0,177.0],[69.5,177.0],[61.5,177.0],[61.5,185.5],[61.5,193.5],[69.5,193.5],[78.0,193.5],[78.0,201.5],[78.0,210.0],[69.5,210.0],[61.5,210.0],[61.5,218.5],[61.5,226.5],[61.5,234.5],[61.5,243.0],[69.5,243.0],[78.0,243.0],[78.0,234.5],[78.0,226.5],[86.5,226.5],[94.5,226.5],[94.5,218.5],[94.5,210.0],[94.5,201.5],[94.5,193.5],[94.5,185.5],[94.5,177.0],[94.5,168.5],[94.5,160.5],[94.5,152.5],[94.5,144.0],[102.5,144.0],[111.0,144.0],[111.0,152.5],[111.0,160.5],[111.0,168.5],[111.0,177.0],[119.5,177.0],[127.5,177.0],[127.5,185.5],[127.5,193.5],[119.5,193.5],[111.0,193.5],[111.0,201.5],[111.0,210.0],[111.0,218.5],[111.0,226.5],[111.0,234.5],[111.0,243.0],[119.5,243.0],[127.5,243.0],[135.5,243.0],[144.0,243.0],[144.0,234.5],[144.0,226.5],[152.5,226.5],[160.5,226.5],[160.5,218.5],[160.5,210.0],[168.5,210.0],[177.0,210.0],[177.0,201.5],[177.0,193.5],[177.0,185.5],[177.0,177.0],[177.0,168.5],[177.0,160.5],[177.0,152.5],[177.0,144.0],[185.5,144.0],[193.5,144.0],[193.5,135.5],[193.5,127.5],[193.5,119.5],[193.5,111.0],[193.5,102.5],[193.5,94.5],[193.5,86.5],[193.5,78.0],[193.5,69.5],[193.5,61.5],[193.5,53.5],[193.5,45.0],[185.5,45.0],[177.0,45.0],[177.0,36.5],[177.0,28.5],[177.0,20.5],[177.0,12.0],[185.5,12.0],[193.5,12.0],[201.5,12.0],[210.0,12.0],[218.5,12.0],[226.5,12.0],[226.5,20.5],[226.5,28.5],[226.5,36.5],[226.5,45.0],[218.5,45.0],[210.0,45.0],[210.0,53.5],[210.0,61.5],[210.0,69.5],[210.0,78.0],[210.0,86.5],[210.0,94.5],[210.0,102.5],[210.0,111.0],[218.5,111.0],[226.5,111.0],[226.5,102.5],[226.5,94.5],[234.5,94.5],[243.0,94.5],[243.0,102.5],[243.0,111.0],[243.0,119.5],[243.0,127.5],[243.0,135.5]]",2
/home/nvidia/users/ella/solve_a_maze_image/solve_a_maze_image/maze_data/maze_data_20260417_212507_736990/maze_043_size_31x31_seed_723993357/maze_31_31_723993357_DFS_final_step0149.png,"[[3.5,86.5],[12.0,86.5],[12.0,94.5],[20.5,94.5],[28.5,94.5],[36.5,94.5],[45.0,94.5],[45.0,102.5],[45.0,111.0],[36.5,111.0],[28.5,111.0],[20.5,111.0],[12.0,111.0],[12.0,119.5],[12.0,127.5],[20.5,127.5],[28.5,127.5],[28.5,135.5],[28.5,144.0],[36.5,144.0],[45.0,144.0],[53.5,144.0],[61.5,144.0],[69.5,144.0],[78.0,144.0],[78.0,152.5],[78.0,160.5],[78.0,168.5],[78.0,177.0],[69.5,177.0],[61.5,177.0],[61.5,185.5],[61.5,193.5],[69.5,193.5],[78.0,193.5],[78.0,201.5],[78.0,210.0],[69.5,210.0],[61.5,210.0],[61.5,218.5],[61.5,226.5],[61.5,234.5],[61.5,243.0],[69.5,243.0],[78.0,243.0],[78.0,234.5],[78.0,226.5],[86.5,226.5],[94.5,226.5],[94.5,218.5],[94.5,210.0],[94.5,201.5],[94.5,193.5],[94.5,185.5],[94.5,177.0],[94.5,168.5],[94.5,160.5],[94.5,152.5],[94.5,144.0],[102.5,144.0],[111.0,144.0],[111.0,152.5],[111.0,160.5],[111.0,168.5],[111.0,177.0],[119.5,177.0],[127.5,177.0],[127.5,185.5],[127.5,193.5],[119.5,193.5],[111.0,193.5],[111.0,201.5],[111.0,210.0],[111.0,218.5],[111.0,226.5],[111.0,234.5],[111.0,243.0],[119.5,243.0],[127.5,243.0],[135.5,243.0],[144.0,243.0],[144.0,234.5],[144.0,226.5],[152.5,226.5],[160.5,226.5],[160.5,218.5],[160.5,210.0],[168.5,210.0],[177.0,210.0],[177.0,201.5],[177.0,193.5],[177.0,185.5],[177.0,177.0],[177.0,168.5],[177.0,160.5],[177.0,152.5],[177.0,144.0],[185.5,144.0],[193.5,144.0],[193.5,135.5],[193.5,127.5],[193.5,119.5],[193.5,111.0],[193.5,102.5],[193.5,94.5],[193.5,86.5],[193.5,78.0],[193.5,69.5],[193.5,61.5],[193.5,53.5],[193.5,45.0],[185.5,45.0],[177.0,45.0],[177.0,36.5],[177.0,28.5],[177.0,20.5],[177.0,12.0],[185.5,12.0],[193.5,12.0],[201.5,12.0],[210.0,12.0],[218.5,12.0],[226.5,12.0],[226.5,20.5],[226.5,28.5],[226.5,36.5],[226.5,45.0],[218.5,45.0],[210.0,45.0],[210.0,53.5],[210.0,61.5],[210.0,69.5],[210.0,78.0],[210.0,86.5],[210.0,94.5],[210.0,102.5],[210.0,111.0],[218.5,111.0],[226.5,111.0],[226.5,102.5],[226.5,94.5],[234.5,94.5],[243.0,94.5],[243.0,102.5],[243.0,111.0],[243.0,119.5],[243.0,127.5],[243.0,135.5],[243.0,144.0]]",2
/home/nvidia/users/ella/solve_a_maze_image/solve_a_maze_image/maze_data/maze_data_20260417_212507_736990/maze_043_size_31x31_seed_723993357/maze_31_31_723993357_DFS_final_step0150.png,"[[3.5,86.5],[12.0,86.5],[12.0,94.5],[20.5,94.5],[28.5,94.5],[36.5,94.5],[45.0,94.5],[45.0,102.5],[45.0,111.0],[36.5,111.0],[28.5,111.0],[20.5,111.0],[12.0,111.0],[12.0,119.5],[12.0,127.5],[20.5,127.5],[28.5,127.5],[28.5,135.5],[28.5,144.0],[36.5,144.0],[45.0,144.0],[53.5,144.0],[61.5,144.0],[69.5,144.0],[78.0,144.0],[78.0,152.5],[78.0,160.5],[78.0,168.5],[78.0,177.0],[69.5,177.0],[61.5,177.0],[61.5,185.5],[61.5,193.5],[69.5,193.5],[78.0,193.5],[78.0,201.5],[78.0,210.0],[69.5,210.0],[61.5,210.0],[61.5,218.5],[61.5,226.5],[61.5,234.5],[61.5,243.0],[69.5,243.0],[78.0,243.0],[78.0,234.5],[78.0,226.5],[86.5,226.5],[94.5,226.5],[94.5,218.5],[94.5,210.0],[94.5,201.5],[94.5,193.5],[94.5,185.5],[94.5,177.0],[94.5,168.5],[94.5,160.5],[94.5,152.5],[94.5,144.0],[102.5,144.0],[111.0,144.0],[111.0,152.5],[111.0,160.5],[111.0,168.5],[111.0,177.0],[119.5,177.0],[127.5,177.0],[127.5,185.5],[127.5,193.5],[119.5,193.5],[111.0,193.5],[111.0,201.5],[111.0,210.0],[111.0,218.5],[111.0,226.5],[111.0,234.5],[111.0,243.0],[119.5,243.0],[127.5,243.0],[135.5,243.0],[144.0,243.0],[144.0,234.5],[144.0,226.5],[152.5,226.5],[160.5,226.5],[160.5,218.5],[160.5,210.0],[168.5,210.0],[177.0,210.0],[177.0,201.5],[177.0,193.5],[177.0,185.5],[177.0,177.0],[177.0,168.5],[177.0,160.5],[177.0,152.5],[177.0,144.0],[185.5,144.0],[193.5,144.0],[193.5,135.5],[193.5,127.5],[193.5,119.5],[193.5,111.0],[193.5,102.5],[193.5,94.5],[193.5,86.5],[193.5,78.0],[193.5,69.5],[193.5,61.5],[193.5,53.5],[193.5,45.0],[185.5,45.0],[177.0,45.0],[177.0,36.5],[177.0,28.5],[177.0,20.5],[177.0,12.0],[185.5,12.0],[193.5,12.0],[201.5,12.0],[210.0,12.0],[218.5,12.0],[226.5,12.0],[226.5,20.5],[226.5,28.5],[226.5,36.5],[226.5,45.0],[218.5,45.0],[210.0,45.0],[210.0,53.5],[210.0,61.5],[210.0,69.5],[210.0,78.0],[210.0,86.5],[210.0,94.5],[210.0,102.5],[210.0,111.0],[218.5,111.0],[226.5,111.0],[226.5,102.5],[226.5,94.5],[234.5,94.5],[243.0,94.5],[243.0,102.5],[243.0,111.0],[243.0,119.5],[243.0,127.5],[243.0,135.5],[243.0,144.0],[243.0,152.5]]",2
/home/nvidia/users/ella/solve_a_maze_image/solve_a_maze_image/maze_data/maze_data_20260417_212507_736990/maze_043_size_31x31_seed_723993357/maze_31_31_723993357_DFS_final_step0151.png,"[[3.5,86.5],[12.0,86.5],[12.0,94.5],[20.5,94.5],[28.5,94.5],[36.5,94.5],[45.0,94.5],[45.0,102.5],[45.0,111.0],[36.5,111.0],[28.5,111.0],[20.5,111.0],[12.0,111.0],[12.0,119.5],[12.0,127.5],[20.5,127.5],[28.5,127.5],[28.5,135.5],[28.5,144.0],[36.5,144.0],[45.0,144.0],[53.5,144.0],[61.5,144.0],[69.5,144.0],[78.0,144.0],[78.0,152.5],[78.0,160.5],[78.0,168.5],[78.0,177.0],[69.5,177.0],[61.5,177.0],[61.5,185.5],[61.5,193.5],[69.5,193.5],[78.0,193.5],[78.0,201.5],[78.0,210.0],[69.5,210.0],[61.5,210.0],[61.5,218.5],[61.5,226.5],[61.5,234.5],[61.5,243.0],[69.5,243.0],[78.0,243.0],[78.0,234.5],[78.0,226.5],[86.5,226.5],[94.5,226.5],[94.5,218.5],[94.5,210.0],[94.5,201.5],[94.5,193.5],[94.5,185.5],[94.5,177.0],[94.5,168.5],[94.5,160.5],[94.5,152.5],[94.5,144.0],[102.5,144.0],[111.0,144.0],[111.0,152.5],[111.0,160.5],[111.0,168.5],[111.0,177.0],[119.5,177.0],[127.5,177.0],[127.5,185.5],[127.5,193.5],[119.5,193.5],[111.0,193.5],[111.0,201.5],[111.0,210.0],[111.0,218.5],[111.0,226.5],[111.0,234.5],[111.0,243.0],[119.5,243.0],[127.5,243.0],[135.5,243.0],[144.0,243.0],[144.0,234.5],[144.0,226.5],[152.5,226.5],[160.5,226.5],[160.5,218.5],[160.5,210.0],[168.5,210.0],[177.0,210.0],[177.0,201.5],[177.0,193.5],[177.0,185.5],[177.0,177.0],[177.0,168.5],[177.0,160.5],[177.0,152.5],[177.0,144.0],[185.5,144.0],[193.5,144.0],[193.5,135.5],[193.5,127.5],[193.5,119.5],[193.5,111.0],[193.5,102.5],[193.5,94.5],[193.5,86.5],[193.5,78.0],[193.5,69.5],[193.5,61.5],[193.5,53.5],[193.5,45.0],[185.5,45.0],[177.0,45.0],[177.0,36.5],[177.0,28.5],[177.0,20.5],[177.0,12.0],[185.5,12.0],[193.5,12.0],[201.5,12.0],[210.0,12.0],[218.5,12.0],[226.5,12.0],[226.5,20.5],[226.5,28.5],[226.5,36.5],[226.5,45.0],[218.5,45.0],[210.0,45.0],[210.0,53.5],[210.0,61.5],[210.0,69.5],[210.0,78.0],[210.0,86.5],[210.0,94.5],[210.0,102.5],[210.0,111.0],[218.5,111.0],[226.5,111.0],[226.5,102.5],[226.5,94.5],[234.5,94.5],[243.0,94.5],[243.0,102.5],[243.0,111.0],[243.0,119.5],[243.0,127.5],[243.0,135.5],[243.0,144.0],[243.0,152.5],[243.0,160.5]]",2
/home/nvidia/users/ella/solve_a_maze_image/solve_a_maze_image/maze_data/maze_data_20260417_212507_736990/maze_043_size_31x31_seed_723993357/maze_31_31_723993357_DFS_final_step0152.png,"[[3.5,86.5],[12.0,86.5],[12.0,94.5],[20.5,94.5],[28.5,94.5],[36.5,94.5],[45.0,94.5],[45.0,102.5],[45.0,111.0],[36.5,111.0],[28.5,111.0],[20.5,111.0],[12.0,111.0],[12.0,119.5],[12.0,127.5],[20.5,127.5],[28.5,127.5],[28.5,135.5],[28.5,144.0],[36.5,144.0],[45.0,144.0],[53.5,144.0],[61.5,144.0],[69.5,144.0],[78.0,144.0],[78.0,152.5],[78.0,160.5],[78.0,168.5],[78.0,177.0],[69.5,177.0],[61.5,177.0],[61.5,185.5],[61.5,193.5],[69.5,193.5],[78.0,193.5],[78.0,201.5],[78.0,210.0],[69.5,210.0],[61.5,210.0],[61.5,218.5],[61.5,226.5],[61.5,234.5],[61.5,243.0],[69.5,243.0],[78.0,243.0],[78.0,234.5],[78.0,226.5],[86.5,226.5],[94.5,226.5],[94.5,218.5],[94.5,210.0],[94.5,201.5],[94.5,193.5],[94.5,185.5],[94.5,177.0],[94.5,168.5],[94.5,160.5],[94.5,152.5],[94.5,144.0],[102.5,144.0],[111.0,144.0],[111.0,152.5],[111.0,160.5],[111.0,168.5],[111.0,177.0],[119.5,177.0],[127.5,177.0],[127.5,185.5],[127.5,193.5],[119.5,193.5],[111.0,193.5],[111.0,201.5],[111.0,210.0],[111.0,218.5],[111.0,226.5],[111.0,234.5],[111.0,243.0],[119.5,243.0],[127.5,243.0],[135.5,243.0],[144.0,243.0],[144.0,234.5],[144.0,226.5],[152.5,226.5],[160.5,226.5],[160.5,218.5],[160.5,210.0],[168.5,210.0],[177.0,210.0],[177.0,201.5],[177.0,193.5],[177.0,185.5],[177.0,177.0],[177.0,168.5],[177.0,160.5],[177.0,152.5],[177.0,144.0],[185.5,144.0],[193.5,144.0],[193.5,135.5],[193.5,127.5],[193.5,119.5],[193.5,111.0],[193.5,102.5],[193.5,94.5],[193.5,86.5],[193.5,78.0],[193.5,69.5],[193.5,61.5],[193.5,53.5],[193.5,45.0],[185.5,45.0],[177.0,45.0],[177.0,36.5],[177.0,28.5],[177.0,20.5],[177.0,12.0],[185.5,12.0],[193.5,12.0],[201.5,12.0],[210.0,12.0],[218.5,12.0],[226.5,12.0],[226.5,20.5],[226.5,28.5],[226.5,36.5],[226.5,45.0],[218.5,45.0],[210.0,45.0],[210.0,53.5],[210.0,61.5],[210.0,69.5],[210.0,78.0],[210.0,86.5],[210.0,94.5],[210.0,102.5],[210.0,111.0],[218.5,111.0],[226.5,111.0],[226.5,102.5],[226.5,94.5],[234.5,94.5],[243.0,94.5],[243.0,102.5],[243.0,111.0],[243.0,119.5],[243.0,127.5],[243.0,135.5],[243.0,144.0],[243.0,152.5],[243.0,160.5],[234.5,160.5]]",2
/home/nvidia/users/ella/solve_a_maze_image/solve_a_maze_image/maze_data/maze_data_20260417_212507_736990/maze_043_size_31x31_seed_723993357/maze_31_31_723993357_DFS_final_step0153.png,"[[3.5,86.5],[12.0,86.5],[12.0,94.5],[20.5,94.5],[28.5,94.5],[36.5,94.5],[45.0,94.5],[45.0,102.5],[45.0,111.0],[36.5,111.0],[28.5,111.0],[20.5,111.0],[12.0,111.0],[12.0,119.5],[12.0,127.5],[20.5,127.5],[28.5,127.5],[28.5,135.5],[28.5,144.0],[36.5,144.0],[45.0,144.0],[53.5,144.0],[61.5,144.0],[69.5,144.0],[78.0,144.0],[78.0,152.5],[78.0,160.5],[78.0,168.5],[78.0,177.0],[69.5,177.0],[61.5,177.0],[61.5,185.5],[61.5,193.5],[69.5,193.5],[78.0,193.5],[78.0,201.5],[78.0,210.0],[69.5,210.0],[61.5,210.0],[61.5,218.5],[61.5,226.5],[61.5,234.5],[61.5,243.0],[69.5,243.0],[78.0,243.0],[78.0,234.5],[78.0,226.5],[86.5,226.5],[94.5,226.5],[94.5,218.5],[94.5,210.0],[94.5,201.5],[94.5,193.5],[94.5,185.5],[94.5,177.0],[94.5,168.5],[94.5,160.5],[94.5,152.5],[94.5,144.0],[102.5,144.0],[111.0,144.0],[111.0,152.5],[111.0,160.5],[111.0,168.5],[111.0,177.0],[119.5,177.0],[127.5,177.0],[127.5,185.5],[127.5,193.5],[119.5,193.5],[111.0,193.5],[111.0,201.5],[111.0,210.0],[111.0,218.5],[111.0,226.5],[111.0,234.5],[111.0,243.0],[119.5,243.0],[127.5,243.0],[135.5,243.0],[144.0,243.0],[144.0,234.5],[144.0,226.5],[152.5,226.5],[160.5,226.5],[160.5,218.5],[160.5,210.0],[168.5,210.0],[177.0,210.0],[177.0,201.5],[177.0,193.5],[177.0,185.5],[177.0,177.0],[177.0,168.5],[177.0,160.5],[177.0,152.5],[177.0,144.0],[185.5,144.0],[193.5,144.0],[193.5,135.5],[193.5,127.5],[193.5,119.5],[193.5,111.0],[193.5,102.5],[193.5,94.5],[193.5,86.5],[193.5,78.0],[193.5,69.5],[193.5,61.5],[193.5,53.5],[193.5,45.0],[185.5,45.0],[177.0,45.0],[177.0,36.5],[177.0,28.5],[177.0,20.5],[177.0,12.0],[185.5,12.0],[193.5,12.0],[201.5,12.0],[210.0,12.0],[218.5,12.0],[226.5,12.0],[226.5,20.5],[226.5,28.5],[226.5,36.5],[226.5,45.0],[218.5,45.0],[210.0,45.0],[210.0,53.5],[210.0,61.5],[210.0,69.5],[210.0,78.0],[210.0,86.5],[210.0,94.5],[210.0,102.5],[210.0,111.0],[218.5,111.0],[226.5,111.0],[226.5,102.5],[226.5,94.5],[234.5,94.5],[243.0,94.5],[243.0,102.5],[243.0,111.0],[243.0,119.5],[243.0,127.5],[243.0,135.5],[243.0,144.0],[243.0,152.5],[243.0,160.5],[234.5,160.5],[226.5,160.5]]",2
/home/nvidia/users/ella/solve_a_maze_image/solve_a_maze_image/maze_data/maze_data_20260417_212507_736990/maze_043_size_31x31_seed_723993357/maze_31_31_723993357_DFS_final_step0154.png,"[[3.5,86.5],[12.0,86.5],[12.0,94.5],[20.5,94.5],[28.5,94.5],[36.5,94.5],[45.0,94.5],[45.0,102.5],[45.0,111.0],[36.5,111.0],[28.5,111.0],[20.5,111.0],[12.0,111.0],[12.0,119.5],[12.0,127.5],[20.5,127.5],[28.5,127.5],[28.5,135.5],[28.5,144.0],[36.5,144.0],[45.0,144.0],[53.5,144.0],[61.5,144.0],[69.5,144.0],[78.0,144.0],[78.0,152.5],[78.0,160.5],[78.0,168.5],[78.0,177.0],[69.5,177.0],[61.5,177.0],[61.5,185.5],[61.5,193.5],[69.5,193.5],[78.0,193.5],[78.0,201.5],[78.0,210.0],[69.5,210.0],[61.5,210.0],[61.5,218.5],[61.5,226.5],[61.5,234.5],[61.5,243.0],[69.5,243.0],[78.0,243.0],[78.0,234.5],[78.0,226.5],[86.5,226.5],[94.5,226.5],[94.5,218.5],[94.5,210.0],[94.5,201.5],[94.5,193.5],[94.5,185.5],[94.5,177.0],[94.5,168.5],[94.5,160.5],[94.5,152.5],[94.5,144.0],[102.5,144.0],[111.0,144.0],[111.0,152.5],[111.0,160.5],[111.0,168.5],[111.0,177.0],[119.5,177.0],[127.5,177.0],[127.5,185.5],[127.5,193.5],[119.5,193.5],[111.0,193.5],[111.0,201.5],[111.0,210.0],[111.0,218.5],[111.0,226.5],[111.0,234.5],[111.0,243.0],[119.5,243.0],[127.5,243.0],[135.5,243.0],[144.0,243.0],[144.0,234.5],[144.0,226.5],[152.5,226.5],[160.5,226.5],[160.5,218.5],[160.5,210.0],[168.5,210.0],[177.0,210.0],[177.0,201.5],[177.0,193.5],[177.0,185.5],[177.0,177.0],[177.0,168.5],[177.0,160.5],[177.0,152.5],[177.0,144.0],[185.5,144.0],[193.5,144.0],[193.5,135.5],[193.5,127.5],[193.5,119.5],[193.5,111.0],[193.5,102.5],[193.5,94.5],[193.5,86.5],[193.5,78.0],[193.5,69.5],[193.5,61.5],[193.5,53.5],[193.5,45.0],[185.5,45.0],[177.0,45.0],[177.0,36.5],[177.0,28.5],[177.0,20.5],[177.0,12.0],[185.5,12.0],[193.5,12.0],[201.5,12.0],[210.0,12.0],[218.5,12.0],[226.5,12.0],[226.5,20.5],[226.5,28.5],[226.5,36.5],[226.5,45.0],[218.5,45.0],[210.0,45.0],[210.0,53.5],[210.0,61.5],[210.0,69.5],[210.0,78.0],[210.0,86.5],[210.0,94.5],[210.0,102.5],[210.0,111.0],[218.5,111.0],[226.5,111.0],[226.5,102.5],[226.5,94.5],[234.5,94.5],[243.0,94.5],[243.0,102.5],[243.0,111.0],[243.0,119.5],[243.0,127.5],[243.0,135.5],[243.0,144.0],[243.0,152.5],[243.0,160.5],[234.5,160.5],[226.5,160.5],[226.5,152.5]]",2
/home/nvidia/users/ella/solve_a_maze_image/solve_a_maze_image/maze_data/maze_data_20260417_212507_736990/maze_043_size_31x31_seed_723993357/maze_31_31_723993357_DFS_final_step0155.png,"[[3.5,86.5],[12.0,86.5],[12.0,94.5],[20.5,94.5],[28.5,94.5],[36.5,94.5],[45.0,94.5],[45.0,102.5],[45.0,111.0],[36.5,111.0],[28.5,111.0],[20.5,111.0],[12.0,111.0],[12.0,119.5],[12.0,127.5],[20.5,127.5],[28.5,127.5],[28.5,135.5],[28.5,144.0],[36.5,144.0],[45.0,144.0],[53.5,144.0],[61.5,144.0],[69.5,144.0],[78.0,144.0],[78.0,152.5],[78.0,160.5],[78.0,168.5],[78.0,177.0],[69.5,177.0],[61.5,177.0],[61.5,185.5],[61.5,193.5],[69.5,193.5],[78.0,193.5],[78.0,201.5],[78.0,210.0],[69.5,210.0],[61.5,210.0],[61.5,218.5],[61.5,226.5],[61.5,234.5],[61.5,243.0],[69.5,243.0],[78.0,243.0],[78.0,234.5],[78.0,226.5],[86.5,226.5],[94.5,226.5],[94.5,218.5],[94.5,210.0],[94.5,201.5],[94.5,193.5],[94.5,185.5],[94.5,177.0],[94.5,168.5],[94.5,160.5],[94.5,152.5],[94.5,144.0],[102.5,144.0],[111.0,144.0],[111.0,152.5],[111.0,160.5],[111.0,168.5],[111.0,177.0],[119.5,177.0],[127.5,177.0],[127.5,185.5],[127.5,193.5],[119.5,193.5],[111.0,193.5],[111.0,201.5],[111.0,210.0],[111.0,218.5],[111.0,226.5],[111.0,234.5],[111.0,243.0],[119.5,243.0],[127.5,243.0],[135.5,243.0],[144.0,243.0],[144.0,234.5],[144.0,226.5],[152.5,226.5],[160.5,226.5],[160.5,218.5],[160.5,210.0],[168.5,210.0],[177.0,210.0],[177.0,201.5],[177.0,193.5],[177.0,185.5],[177.0,177.0],[177.0,168.5],[177.0,160.5],[177.0,152.5],[177.0,144.0],[185.5,144.0],[193.5,144.0],[193.5,135.5],[193.5,127.5],[193.5,119.5],[193.5,111.0],[193.5,102.5],[193.5,94.5],[193.5,86.5],[193.5,78.0],[193.5,69.5],[193.5,61.5],[193.5,53.5],[193.5,45.0],[185.5,45.0],[177.0,45.0],[177.0,36.5],[177.0,28.5],[177.0,20.5],[177.0,12.0],[185.5,12.0],[193.5,12.0],[201.5,12.0],[210.0,12.0],[218.5,12.0],[226.5,12.0],[226.5,20.5],[226.5,28.5],[226.5,36.5],[226.5,45.0],[218.5,45.0],[210.0,45.0],[210.0,53.5],[210.0,61.5],[210.0,69.5],[210.0,78.0],[210.0,86.5],[210.0,94.5],[210.0,102.5],[210.0,111.0],[218.5,111.0],[226.5,111.0],[226.5,102.5],[226.5,94.5],[234.5,94.5],[243.0,94.5],[243.0,102.5],[243.0,111.0],[243.0,119.5],[243.0,127.5],[243.0,135.5],[243.0,144.0],[243.0,152.5],[243.0,160.5],[234.5,160.5],[226.5,160.5],[226.5,152.5],[226.5,144.0]]",2
/home/nvidia/users/ella/solve_a_maze_image/solve_a_maze_image/maze_data/maze_data_20260417_212507_736990/maze_043_size_31x31_seed_723993357/maze_31_31_723993357_DFS_final_step0156.png,"[[3.5,86.5],[12.0,86.5],[12.0,94.5],[20.5,94.5],[28.5,94.5],[36.5,94.5],[45.0,94.5],[45.0,102.5],[45.0,111.0],[36.5,111.0],[28.5,111.0],[20.5,111.0],[12.0,111.0],[12.0,119.5],[12.0,127.5],[20.5,127.5],[28.5,127.5],[28.5,135.5],[28.5,144.0],[36.5,144.0],[45.0,144.0],[53.5,144.0],[61.5,144.0],[69.5,144.0],[78.0,144.0],[78.0,152.5],[78.0,160.5],[78.0,168.5],[78.0,177.0],[69.5,177.0],[61.5,177.0],[61.5,185.5],[61.5,193.5],[69.5,193.5],[78.0,193.5],[78.0,201.5],[78.0,210.0],[69.5,210.0],[61.5,210.0],[61.5,218.5],[61.5,226.5],[61.5,234.5],[61.5,243.0],[69.5,243.0],[78.0,243.0],[78.0,234.5],[78.0,226.5],[86.5,226.5],[94.5,226.5],[94.5,218.5],[94.5,210.0],[94.5,201.5],[94.5,193.5],[94.5,185.5],[94.5,177.0],[94.5,168.5],[94.5,160.5],[94.5,152.5],[94.5,144.0],[102.5,144.0],[111.0,144.0],[111.0,152.5],[111.0,160.5],[111.0,168.5],[111.0,177.0],[119.5,177.0],[127.5,177.0],[127.5,185.5],[127.5,193.5],[119.5,193.5],[111.0,193.5],[111.0,201.5],[111.0,210.0],[111.0,218.5],[111.0,226.5],[111.0,234.5],[111.0,243.0],[119.5,243.0],[127.5,243.0],[135.5,243.0],[144.0,243.0],[144.0,234.5],[144.0,226.5],[152.5,226.5],[160.5,226.5],[160.5,218.5],[160.5,210.0],[168.5,210.0],[177.0,210.0],[177.0,201.5],[177.0,193.5],[177.0,185.5],[177.0,177.0],[177.0,168.5],[177.0,160.5],[177.0,152.5],[177.0,144.0],[185.5,144.0],[193.5,144.0],[193.5,135.5],[193.5,127.5],[193.5,119.5],[193.5,111.0],[193.5,102.5],[193.5,94.5],[193.5,86.5],[193.5,78.0],[193.5,69.5],[193.5,61.5],[193.5,53.5],[193.5,45.0],[185.5,45.0],[177.0,45.0],[177.0,36.5],[177.0,28.5],[177.0,20.5],[177.0,12.0],[185.5,12.0],[193.5,12.0],[201.5,12.0],[210.0,12.0],[218.5,12.0],[226.5,12.0],[226.5,20.5],[226.5,28.5],[226.5,36.5],[226.5,45.0],[218.5,45.0],[210.0,45.0],[210.0,53.5],[210.0,61.5],[210.0,69.5],[210.0,78.0],[210.0,86.5],[210.0,94.5],[210.0,102.5],[210.0,111.0],[218.5,111.0],[226.5,111.0],[226.5,102.5],[226.5,94.5],[234.5,94.5],[243.0,94.5],[243.0,102.5],[243.0,111.0],[243.0,119.5],[243.0,127.5],[243.0,135.5],[243.0,144.0],[243.0,152.5],[243.0,160.5],[234.5,160.5],[226.5,160.5],[226.5,152.5],[226.5,144.0],[226.5,135.5]]",2
/home/nvidia/users/ella/solve_a_maze_image/solve_a_maze_image/maze_data/maze_data_20260417_212507_736990/maze_043_size_31x31_seed_723993357/maze_31_31_723993357_DFS_final_step0157.png,"[[3.5,86.5],[12.0,86.5],[12.0,94.5],[20.5,94.5],[28.5,94.5],[36.5,94.5],[45.0,94.5],[45.0,102.5],[45.0,111.0],[36.5,111.0],[28.5,111.0],[20.5,111.0],[12.0,111.0],[12.0,119.5],[12.0,127.5],[20.5,127.5],[28.5,127.5],[28.5,135.5],[28.5,144.0],[36.5,144.0],[45.0,144.0],[53.5,144.0],[61.5,144.0],[69.5,144.0],[78.0,144.0],[78.0,152.5],[78.0,160.5],[78.0,168.5],[78.0,177.0],[69.5,177.0],[61.5,177.0],[61.5,185.5],[61.5,193.5],[69.5,193.5],[78.0,193.5],[78.0,201.5],[78.0,210.0],[69.5,210.0],[61.5,210.0],[61.5,218.5],[61.5,226.5],[61.5,234.5],[61.5,243.0],[69.5,243.0],[78.0,243.0],[78.0,234.5],[78.0,226.5],[86.5,226.5],[94.5,226.5],[94.5,218.5],[94.5,210.0],[94.5,201.5],[94.5,193.5],[94.5,185.5],[94.5,177.0],[94.5,168.5],[94.5,160.5],[94.5,152.5],[94.5,144.0],[102.5,144.0],[111.0,144.0],[111.0,152.5],[111.0,160.5],[111.0,168.5],[111.0,177.0],[119.5,177.0],[127.5,177.0],[127.5,185.5],[127.5,193.5],[119.5,193.5],[111.0,193.5],[111.0,201.5],[111.0,210.0],[111.0,218.5],[111.0,226.5],[111.0,234.5],[111.0,243.0],[119.5,243.0],[127.5,243.0],[135.5,243.0],[144.0,243.0],[144.0,234.5],[144.0,226.5],[152.5,226.5],[160.5,226.5],[160.5,218.5],[160.5,210.0],[168.5,210.0],[177.0,210.0],[177.0,201.5],[177.0,193.5],[177.0,185.5],[177.0,177.0],[177.0,168.5],[177.0,160.5],[177.0,152.5],[177.0,144.0],[185.5,144.0],[193.5,144.0],[193.5,135.5],[193.5,127.5],[193.5,119.5],[193.5,111.0],[193.5,102.5],[193.5,94.5],[193.5,86.5],[193.5,78.0],[193.5,69.5],[193.5,61.5],[193.5,53.5],[193.5,45.0],[185.5,45.0],[177.0,45.0],[177.0,36.5],[177.0,28.5],[177.0,20.5],[177.0,12.0],[185.5,12.0],[193.5,12.0],[201.5,12.0],[210.0,12.0],[218.5,12.0],[226.5,12.0],[226.5,20.5],[226.5,28.5],[226.5,36.5],[226.5,45.0],[218.5,45.0],[210.0,45.0],[210.0,53.5],[210.0,61.5],[210.0,69.5],[210.0,78.0],[210.0,86.5],[210.0,94.5],[210.0,102.5],[210.0,111.0],[218.5,111.0],[226.5,111.0],[226.5,102.5],[226.5,94.5],[234.5,94.5],[243.0,94.5],[243.0,102.5],[243.0,111.0],[243.0,119.5],[243.0,127.5],[243.0,135.5],[243.0,144.0],[243.0,152.5],[243.0,160.5],[234.5,160.5],[226.5,160.5],[226.5,152.5],[226.5,144.0],[226.5,135.5],[226.5,127.5]]",2
/home/nvidia/users/ella/solve_a_maze_image/solve_a_maze_image/maze_data/maze_data_20260417_212507_736990/maze_043_size_31x31_seed_723993357/maze_31_31_723993357_DFS_final_step0158.png,"[[3.5,86.5],[12.0,86.5],[12.0,94.5],[20.5,94.5],[28.5,94.5],[36.5,94.5],[45.0,94.5],[45.0,102.5],[45.0,111.0],[36.5,111.0],[28.5,111.0],[20.5,111.0],[12.0,111.0],[12.0,119.5],[12.0,127.5],[20.5,127.5],[28.5,127.5],[28.5,135.5],[28.5,144.0],[36.5,144.0],[45.0,144.0],[53.5,144.0],[61.5,144.0],[69.5,144.0],[78.0,144.0],[78.0,152.5],[78.0,160.5],[78.0,168.5],[78.0,177.0],[69.5,177.0],[61.5,177.0],[61.5,185.5],[61.5,193.5],[69.5,193.5],[78.0,193.5],[78.0,201.5],[78.0,210.0],[69.5,210.0],[61.5,210.0],[61.5,218.5],[61.5,226.5],[61.5,234.5],[61.5,243.0],[69.5,243.0],[78.0,243.0],[78.0,234.5],[78.0,226.5],[86.5,226.5],[94.5,226.5],[94.5,218.5],[94.5,210.0],[94.5,201.5],[94.5,193.5],[94.5,185.5],[94.5,177.0],[94.5,168.5],[94.5,160.5],[94.5,152.5],[94.5,144.0],[102.5,144.0],[111.0,144.0],[111.0,152.5],[111.0,160.5],[111.0,168.5],[111.0,177.0],[119.5,177.0],[127.5,177.0],[127.5,185.5],[127.5,193.5],[119.5,193.5],[111.0,193.5],[111.0,201.5],[111.0,210.0],[111.0,218.5],[111.0,226.5],[111.0,234.5],[111.0,243.0],[119.5,243.0],[127.5,243.0],[135.5,243.0],[144.0,243.0],[144.0,234.5],[144.0,226.5],[152.5,226.5],[160.5,226.5],[160.5,218.5],[160.5,210.0],[168.5,210.0],[177.0,210.0],[177.0,201.5],[177.0,193.5],[177.0,185.5],[177.0,177.0],[177.0,168.5],[177.0,160.5],[177.0,152.5],[177.0,144.0],[185.5,144.0],[193.5,144.0],[193.5,135.5],[193.5,127.5],[193.5,119.5],[193.5,111.0],[193.5,102.5],[193.5,94.5],[193.5,86.5],[193.5,78.0],[193.5,69.5],[193.5,61.5],[193.5,53.5],[193.5,45.0],[185.5,45.0],[177.0,45.0],[177.0,36.5],[177.0,28.5],[177.0,20.5],[177.0,12.0],[185.5,12.0],[193.5,12.0],[201.5,12.0],[210.0,12.0],[218.5,12.0],[226.5,12.0],[226.5,20.5],[226.5,28.5],[226.5,36.5],[226.5,45.0],[218.5,45.0],[210.0,45.0],[210.0,53.5],[210.0,61.5],[210.0,69.5],[210.0,78.0],[210.0,86.5],[210.0,94.5],[210.0,102.5],[210.0,111.0],[218.5,111.0],[226.5,111.0],[226.5,102.5],[226.5,94.5],[234.5,94.5],[243.0,94.5],[243.0,102.5],[243.0,111.0],[243.0,119.5],[243.0,127.5],[243.0,135.5],[243.0,144.0],[243.0,152.5],[243.0,160.5],[234.5,160.5],[226.5,160.5],[226.5,152.5],[226.5,144.0],[226.5,135.5],[226.5,127.5],[218.5,127.5]]",2
/home/nvidia/users/ella/solve_a_maze_image/solve_a_maze_image/maze_data/maze_data_20260417_212507_736990/maze_043_size_31x31_seed_723993357/maze_31_31_723993357_DFS_final_step0159.png,"[[3.5,86.5],[12.0,86.5],[12.0,94.5],[20.5,94.5],[28.5,94.5],[36.5,94.5],[45.0,94.5],[45.0,102.5],[45.0,111.0],[36.5,111.0],[28.5,111.0],[20.5,111.0],[12.0,111.0],[12.0,119.5],[12.0,127.5],[20.5,127.5],[28.5,127.5],[28.5,135.5],[28.5,144.0],[36.5,144.0],[45.0,144.0],[53.5,144.0],[61.5,144.0],[69.5,144.0],[78.0,144.0],[78.0,152.5],[78.0,160.5],[78.0,168.5],[78.0,177.0],[69.5,177.0],[61.5,177.0],[61.5,185.5],[61.5,193.5],[69.5,193.5],[78.0,193.5],[78.0,201.5],[78.0,210.0],[69.5,210.0],[61.5,210.0],[61.5,218.5],[61.5,226.5],[61.5,234.5],[61.5,243.0],[69.5,243.0],[78.0,243.0],[78.0,234.5],[78.0,226.5],[86.5,226.5],[94.5,226.5],[94.5,218.5],[94.5,210.0],[94.5,201.5],[94.5,193.5],[94.5,185.5],[94.5,177.0],[94.5,168.5],[94.5,160.5],[94.5,152.5],[94.5,144.0],[102.5,144.0],[111.0,144.0],[111.0,152.5],[111.0,160.5],[111.0,168.5],[111.0,177.0],[119.5,177.0],[127.5,177.0],[127.5,185.5],[127.5,193.5],[119.5,193.5],[111.0,193.5],[111.0,201.5],[111.0,210.0],[111.0,218.5],[111.0,226.5],[111.0,234.5],[111.0,243.0],[119.5,243.0],[127.5,243.0],[135.5,243.0],[144.0,243.0],[144.0,234.5],[144.0,226.5],[152.5,226.5],[160.5,226.5],[160.5,218.5],[160.5,210.0],[168.5,210.0],[177.0,210.0],[177.0,201.5],[177.0,193.5],[177.0,185.5],[177.0,177.0],[177.0,168.5],[177.0,160.5],[177.0,152.5],[177.0,144.0],[185.5,144.0],[193.5,144.0],[193.5,135.5],[193.5,127.5],[193.5,119.5],[193.5,111.0],[193.5,102.5],[193.5,94.5],[193.5,86.5],[193.5,78.0],[193.5,69.5],[193.5,61.5],[193.5,53.5],[193.5,45.0],[185.5,45.0],[177.0,45.0],[177.0,36.5],[177.0,28.5],[177.0,20.5],[177.0,12.0],[185.5,12.0],[193.5,12.0],[201.5,12.0],[210.0,12.0],[218.5,12.0],[226.5,12.0],[226.5,20.5],[226.5,28.5],[226.5,36.5],[226.5,45.0],[218.5,45.0],[210.0,45.0],[210.0,53.5],[210.0,61.5],[210.0,69.5],[210.0,78.0],[210.0,86.5],[210.0,94.5],[210.0,102.5],[210.0,111.0],[218.5,111.0],[226.5,111.0],[226.5,102.5],[226.5,94.5],[234.5,94.5],[243.0,94.5],[243.0,102.5],[243.0,111.0],[243.0,119.5],[243.0,127.5],[243.0,135.5],[243.0,144.0],[243.0,152.5],[243.0,160.5],[234.5,160.5],[226.5,160.5],[226.5,152.5],[226.5,144.0],[226.5,135.5],[226.5,127.5],[218.5,127.5],[210.0,127.5]]",2
/home/nvidia/users/ella/solve_a_maze_image/solve_a_maze_image/maze_data/maze_data_20260417_212507_736990/maze_043_size_31x31_seed_723993357/maze_31_31_723993357_DFS_final_step0160.png,"[[3.5,86.5],[12.0,86.5],[12.0,94.5],[20.5,94.5],[28.5,94.5],[36.5,94.5],[45.0,94.5],[45.0,102.5],[45.0,111.0],[36.5,111.0],[28.5,111.0],[20.5,111.0],[12.0,111.0],[12.0,119.5],[12.0,127.5],[20.5,127.5],[28.5,127.5],[28.5,135.5],[28.5,144.0],[36.5,144.0],[45.0,144.0],[53.5,144.0],[61.5,144.0],[69.5,144.0],[78.0,144.0],[78.0,152.5],[78.0,160.5],[78.0,168.5],[78.0,177.0],[69.5,177.0],[61.5,177.0],[61.5,185.5],[61.5,193.5],[69.5,193.5],[78.0,193.5],[78.0,201.5],[78.0,210.0],[69.5,210.0],[61.5,210.0],[61.5,218.5],[61.5,226.5],[61.5,234.5],[61.5,243.0],[69.5,243.0],[78.0,243.0],[78.0,234.5],[78.0,226.5],[86.5,226.5],[94.5,226.5],[94.5,218.5],[94.5,210.0],[94.5,201.5],[94.5,193.5],[94.5,185.5],[94.5,177.0],[94.5,168.5],[94.5,160.5],[94.5,152.5],[94.5,144.0],[102.5,144.0],[111.0,144.0],[111.0,152.5],[111.0,160.5],[111.0,168.5],[111.0,177.0],[119.5,177.0],[127.5,177.0],[127.5,185.5],[127.5,193.5],[119.5,193.5],[111.0,193.5],[111.0,201.5],[111.0,210.0],[111.0,218.5],[111.0,226.5],[111.0,234.5],[111.0,243.0],[119.5,243.0],[127.5,243.0],[135.5,243.0],[144.0,243.0],[144.0,234.5],[144.0,226.5],[152.5,226.5],[160.5,226.5],[160.5,218.5],[160.5,210.0],[168.5,210.0],[177.0,210.0],[177.0,201.5],[177.0,193.5],[177.0,185.5],[177.0,177.0],[177.0,168.5],[177.0,160.5],[177.0,152.5],[177.0,144.0],[185.5,144.0],[193.5,144.0],[193.5,135.5],[193.5,127.5],[193.5,119.5],[193.5,111.0],[193.5,102.5],[193.5,94.5],[193.5,86.5],[193.5,78.0],[193.5,69.5],[193.5,61.5],[193.5,53.5],[193.5,45.0],[185.5,45.0],[177.0,45.0],[177.0,36.5],[177.0,28.5],[177.0,20.5],[177.0,12.0],[185.5,12.0],[193.5,12.0],[201.5,12.0],[210.0,12.0],[218.5,12.0],[226.5,12.0],[226.5,20.5],[226.5,28.5],[226.5,36.5],[226.5,45.0],[218.5,45.0],[210.0,45.0],[210.0,53.5],[210.0,61.5],[210.0,69.5],[210.0,78.0],[210.0,86.5],[210.0,94.5],[210.0,102.5],[210.0,111.0],[218.5,111.0],[226.5,111.0],[226.5,102.5],[226.5,94.5],[234.5,94.5],[243.0,94.5],[243.0,102.5],[243.0,111.0],[243.0,119.5],[243.0,127.5],[243.0,135.5],[243.0,144.0],[243.0,152.5],[243.0,160.5],[234.5,160.5],[226.5,160.5],[226.5,152.5],[226.5,144.0],[226.5,135.5],[226.5,127.5],[218.5,127.5],[210.0,127.5],[210.0,135.5]]",2
/home/nvidia/users/ella/solve_a_maze_image/solve_a_maze_image/maze_data/maze_data_20260417_212507_736990/maze_043_size_31x31_seed_723993357/maze_31_31_723993357_DFS_final_step0161.png,"[[3.5,86.5],[12.0,86.5],[12.0,94.5],[20.5,94.5],[28.5,94.5],[36.5,94.5],[45.0,94.5],[45.0,102.5],[45.0,111.0],[36.5,111.0],[28.5,111.0],[20.5,111.0],[12.0,111.0],[12.0,119.5],[12.0,127.5],[20.5,127.5],[28.5,127.5],[28.5,135.5],[28.5,144.0],[36.5,144.0],[45.0,144.0],[53.5,144.0],[61.5,144.0],[69.5,144.0],[78.0,144.0],[78.0,152.5],[78.0,160.5],[78.0,168.5],[78.0,177.0],[69.5,177.0],[61.5,177.0],[61.5,185.5],[61.5,193.5],[69.5,193.5],[78.0,193.5],[78.0,201.5],[78.0,210.0],[69.5,210.0],[61.5,210.0],[61.5,218.5],[61.5,226.5],[61.5,234.5],[61.5,243.0],[69.5,243.0],[78.0,243.0],[78.0,234.5],[78.0,226.5],[86.5,226.5],[94.5,226.5],[94.5,218.5],[94.5,210.0],[94.5,201.5],[94.5,193.5],[94.5,185.5],[94.5,177.0],[94.5,168.5],[94.5,160.5],[94.5,152.5],[94.5,144.0],[102.5,144.0],[111.0,144.0],[111.0,152.5],[111.0,160.5],[111.0,168.5],[111.0,177.0],[119.5,177.0],[127.5,177.0],[127.5,185.5],[127.5,193.5],[119.5,193.5],[111.0,193.5],[111.0,201.5],[111.0,210.0],[111.0,218.5],[111.0,226.5],[111.0,234.5],[111.0,243.0],[119.5,243.0],[127.5,243.0],[135.5,243.0],[144.0,243.0],[144.0,234.5],[144.0,226.5],[152.5,226.5],[160.5,226.5],[160.5,218.5],[160.5,210.0],[168.5,210.0],[177.0,210.0],[177.0,201.5],[177.0,193.5],[177.0,185.5],[177.0,177.0],[177.0,168.5],[177.0,160.5],[177.0,152.5],[177.0,144.0],[185.5,144.0],[193.5,144.0],[193.5,135.5],[193.5,127.5],[193.5,119.5],[193.5,111.0],[193.5,102.5],[193.5,94.5],[193.5,86.5],[193.5,78.0],[193.5,69.5],[193.5,61.5],[193.5,53.5],[193.5,45.0],[185.5,45.0],[177.0,45.0],[177.0,36.5],[177.0,28.5],[177.0,20.5],[177.0,12.0],[185.5,12.0],[193.5,12.0],[201.5,12.0],[210.0,12.0],[218.5,12.0],[226.5,12.0],[226.5,20.5],[226.5,28.5],[226.5,36.5],[226.5,45.0],[218.5,45.0],[210.0,45.0],[210.0,53.5],[210.0,61.5],[210.0,69.5],[210.0,78.0],[210.0,86.5],[210.0,94.5],[210.0,102.5],[210.0,111.0],[218.5,111.0],[226.5,111.0],[226.5,102.5],[226.5,94.5],[234.5,94.5],[243.0,94.5],[243.0,102.5],[243.0,111.0],[243.0,119.5],[243.0,127.5],[243.0,135.5],[243.0,144.0],[243.0,152.5],[243.0,160.5],[234.5,160.5],[226.5,160.5],[226.5,152.5],[226.5,144.0],[226.5,135.5],[226.5,127.5],[218.5,127.5],[210.0,127.5],[210.0,135.5],[210.0,144.0]]",2
/home/nvidia/users/ella/solve_a_maze_image/solve_a_maze_image/maze_data/maze_data_20260417_212507_736990/maze_043_size_31x31_seed_723993357/maze_31_31_723993357_DFS_final_step0162.png,"[[3.5,86.5],[12.0,86.5],[12.0,94.5],[20.5,94.5],[28.5,94.5],[36.5,94.5],[45.0,94.5],[45.0,102.5],[45.0,111.0],[36.5,111.0],[28.5,111.0],[20.5,111.0],[12.0,111.0],[12.0,119.5],[12.0,127.5],[20.5,127.5],[28.5,127.5],[28.5,135.5],[28.5,144.0],[36.5,144.0],[45.0,144.0],[53.5,144.0],[61.5,144.0],[69.5,144.0],[78.0,144.0],[78.0,152.5],[78.0,160.5],[78.0,168.5],[78.0,177.0],[69.5,177.0],[61.5,177.0],[61.5,185.5],[61.5,193.5],[69.5,193.5],[78.0,193.5],[78.0,201.5],[78.0,210.0],[69.5,210.0],[61.5,210.0],[61.5,218.5],[61.5,226.5],[61.5,234.5],[61.5,243.0],[69.5,243.0],[78.0,243.0],[78.0,234.5],[78.0,226.5],[86.5,226.5],[94.5,226.5],[94.5,218.5],[94.5,210.0],[94.5,201.5],[94.5,193.5],[94.5,185.5],[94.5,177.0],[94.5,168.5],[94.5,160.5],[94.5,152.5],[94.5,144.0],[102.5,144.0],[111.0,144.0],[111.0,152.5],[111.0,160.5],[111.0,168.5],[111.0,177.0],[119.5,177.0],[127.5,177.0],[127.5,185.5],[127.5,193.5],[119.5,193.5],[111.0,193.5],[111.0,201.5],[111.0,210.0],[111.0,218.5],[111.0,226.5],[111.0,234.5],[111.0,243.0],[119.5,243.0],[127.5,243.0],[135.5,243.0],[144.0,243.0],[144.0,234.5],[144.0,226.5],[152.5,226.5],[160.5,226.5],[160.5,218.5],[160.5,210.0],[168.5,210.0],[177.0,210.0],[177.0,201.5],[177.0,193.5],[177.0,185.5],[177.0,177.0],[177.0,168.5],[177.0,160.5],[177.0,152.5],[177.0,144.0],[185.5,144.0],[193.5,144.0],[193.5,135.5],[193.5,127.5],[193.5,119.5],[193.5,111.0],[193.5,102.5],[193.5,94.5],[193.5,86.5],[193.5,78.0],[193.5,69.5],[193.5,61.5],[193.5,53.5],[193.5,45.0],[185.5,45.0],[177.0,45.0],[177.0,36.5],[177.0,28.5],[177.0,20.5],[177.0,12.0],[185.5,12.0],[193.5,12.0],[201.5,12.0],[210.0,12.0],[218.5,12.0],[226.5,12.0],[226.5,20.5],[226.5,28.5],[226.5,36.5],[226.5,45.0],[218.5,45.0],[210.0,45.0],[210.0,53.5],[210.0,61.5],[210.0,69.5],[210.0,78.0],[210.0,86.5],[210.0,94.5],[210.0,102.5],[210.0,111.0],[218.5,111.0],[226.5,111.0],[226.5,102.5],[226.5,94.5],[234.5,94.5],[243.0,94.5],[243.0,102.5],[243.0,111.0],[243.0,119.5],[243.0,127.5],[243.0,135.5],[243.0,144.0],[243.0,152.5],[243.0,160.5],[234.5,160.5],[226.5,160.5],[226.5,152.5],[226.5,144.0],[226.5,135.5],[226.5,127.5],[218.5,127.5],[210.0,127.5],[210.0,135.5],[210.0,144.0],[210.0,152.5]]",2
/home/nvidia/users/ella/solve_a_maze_image/solve_a_maze_image/maze_data/maze_data_20260417_212507_736990/maze_043_size_31x31_seed_723993357/maze_31_31_723993357_DFS_final_step0163.png,"[[3.5,86.5],[12.0,86.5],[12.0,94.5],[20.5,94.5],[28.5,94.5],[36.5,94.5],[45.0,94.5],[45.0,102.5],[45.0,111.0],[36.5,111.0],[28.5,111.0],[20.5,111.0],[12.0,111.0],[12.0,119.5],[12.0,127.5],[20.5,127.5],[28.5,127.5],[28.5,135.5],[28.5,144.0],[36.5,144.0],[45.0,144.0],[53.5,144.0],[61.5,144.0],[69.5,144.0],[78.0,144.0],[78.0,152.5],[78.0,160.5],[78.0,168.5],[78.0,177.0],[69.5,177.0],[61.5,177.0],[61.5,185.5],[61.5,193.5],[69.5,193.5],[78.0,193.5],[78.0,201.5],[78.0,210.0],[69.5,210.0],[61.5,210.0],[61.5,218.5],[61.5,226.5],[61.5,234.5],[61.5,243.0],[69.5,243.0],[78.0,243.0],[78.0,234.5],[78.0,226.5],[86.5,226.5],[94.5,226.5],[94.5,218.5],[94.5,210.0],[94.5,201.5],[94.5,193.5],[94.5,185.5],[94.5,177.0],[94.5,168.5],[94.5,160.5],[94.5,152.5],[94.5,144.0],[102.5,144.0],[111.0,144.0],[111.0,152.5],[111.0,160.5],[111.0,168.5],[111.0,177.0],[119.5,177.0],[127.5,177.0],[127.5,185.5],[127.5,193.5],[119.5,193.5],[111.0,193.5],[111.0,201.5],[111.0,210.0],[111.0,218.5],[111.0,226.5],[111.0,234.5],[111.0,243.0],[119.5,243.0],[127.5,243.0],[135.5,243.0],[144.0,243.0],[144.0,234.5],[144.0,226.5],[152.5,226.5],[160.5,226.5],[160.5,218.5],[160.5,210.0],[168.5,210.0],[177.0,210.0],[177.0,201.5],[177.0,193.5],[177.0,185.5],[177.0,177.0],[177.0,168.5],[177.0,160.5],[177.0,152.5],[177.0,144.0],[185.5,144.0],[193.5,144.0],[193.5,135.5],[193.5,127.5],[193.5,119.5],[193.5,111.0],[193.5,102.5],[193.5,94.5],[193.5,86.5],[193.5,78.0],[193.5,69.5],[193.5,61.5],[193.5,53.5],[193.5,45.0],[185.5,45.0],[177.0,45.0],[177.0,36.5],[177.0,28.5],[177.0,20.5],[177.0,12.0],[185.5,12.0],[193.5,12.0],[201.5,12.0],[210.0,12.0],[218.5,12.0],[226.5,12.0],[226.5,20.5],[226.5,28.5],[226.5,36.5],[226.5,45.0],[218.5,45.0],[210.0,45.0],[210.0,53.5],[210.0,61.5],[210.0,69.5],[210.0,78.0],[210.0,86.5],[210.0,94.5],[210.0,102.5],[210.0,111.0],[218.5,111.0],[226.5,111.0],[226.5,102.5],[226.5,94.5],[234.5,94.5],[243.0,94.5],[243.0,102.5],[243.0,111.0],[243.0,119.5],[243.0,127.5],[243.0,135.5],[243.0,144.0],[243.0,152.5],[243.0,160.5],[234.5,160.5],[226.5,160.5],[226.5,152.5],[226.5,144.0],[226.5,135.5],[226.5,127.5],[218.5,127.5],[210.0,127.5],[210.0,135.5],[210.0,144.0],[210.0,152.5],[210.0,160.5]]",2
/home/nvidia/users/ella/solve_a_maze_image/solve_a_maze_image/maze_data/maze_data_20260417_212507_736990/maze_043_size_31x31_seed_723993357/maze_31_31_723993357_DFS_final_step0164.png,"[[3.5,86.5],[12.0,86.5],[12.0,94.5],[20.5,94.5],[28.5,94.5],[36.5,94.5],[45.0,94.5],[45.0,102.5],[45.0,111.0],[36.5,111.0],[28.5,111.0],[20.5,111.0],[12.0,111.0],[12.0,119.5],[12.0,127.5],[20.5,127.5],[28.5,127.5],[28.5,135.5],[28.5,144.0],[36.5,144.0],[45.0,144.0],[53.5,144.0],[61.5,144.0],[69.5,144.0],[78.0,144.0],[78.0,152.5],[78.0,160.5],[78.0,168.5],[78.0,177.0],[69.5,177.0],[61.5,177.0],[61.5,185.5],[61.5,193.5],[69.5,193.5],[78.0,193.5],[78.0,201.5],[78.0,210.0],[69.5,210.0],[61.5,210.0],[61.5,218.5],[61.5,226.5],[61.5,234.5],[61.5,243.0],[69.5,243.0],[78.0,243.0],[78.0,234.5],[78.0,226.5],[86.5,226.5],[94.5,226.5],[94.5,218.5],[94.5,210.0],[94.5,201.5],[94.5,193.5],[94.5,185.5],[94.5,177.0],[94.5,168.5],[94.5,160.5],[94.5,152.5],[94.5,144.0],[102.5,144.0],[111.0,144.0],[111.0,152.5],[111.0,160.5],[111.0,168.5],[111.0,177.0],[119.5,177.0],[127.5,177.0],[127.5,185.5],[127.5,193.5],[119.5,193.5],[111.0,193.5],[111.0,201.5],[111.0,210.0],[111.0,218.5],[111.0,226.5],[111.0,234.5],[111.0,243.0],[119.5,243.0],[127.5,243.0],[135.5,243.0],[144.0,243.0],[144.0,234.5],[144.0,226.5],[152.5,226.5],[160.5,226.5],[160.5,218.5],[160.5,210.0],[168.5,210.0],[177.0,210.0],[177.0,201.5],[177.0,193.5],[177.0,185.5],[177.0,177.0],[177.0,168.5],[177.0,160.5],[177.0,152.5],[177.0,144.0],[185.5,144.0],[193.5,144.0],[193.5,135.5],[193.5,127.5],[193.5,119.5],[193.5,111.0],[193.5,102.5],[193.5,94.5],[193.5,86.5],[193.5,78.0],[193.5,69.5],[193.5,61.5],[193.5,53.5],[193.5,45.0],[185.5,45.0],[177.0,45.0],[177.0,36.5],[177.0,28.5],[177.0,20.5],[177.0,12.0],[185.5,12.0],[193.5,12.0],[201.5,12.0],[210.0,12.0],[218.5,12.0],[226.5,12.0],[226.5,20.5],[226.5,28.5],[226.5,36.5],[226.5,45.0],[218.5,45.0],[210.0,45.0],[210.0,53.5],[210.0,61.5],[210.0,69.5],[210.0,78.0],[210.0,86.5],[210.0,94.5],[210.0,102.5],[210.0,111.0],[218.5,111.0],[226.5,111.0],[226.5,102.5],[226.5,94.5],[234.5,94.5],[243.0,94.5],[243.0,102.5],[243.0,111.0],[243.0,119.5],[243.0,127.5],[243.0,135.5],[243.0,144.0],[243.0,152.5],[243.0,160.5],[234.5,160.5],[226.5,160.5],[226.5,152.5],[226.5,144.0],[226.5,135.5],[226.5,127.5],[218.5,127.5],[210.0,127.5],[210.0,135.5],[210.0,144.0],[210.0,152.5],[210.0,160.5],[201.5,160.5]]",2
/home/nvidia/users/ella/solve_a_maze_image/solve_a_maze_image/maze_data/maze_data_20260417_212507_736990/maze_043_size_31x31_seed_723993357/maze_31_31_723993357_DFS_final_step0165.png,"[[3.5,86.5],[12.0,86.5],[12.0,94.5],[20.5,94.5],[28.5,94.5],[36.5,94.5],[45.0,94.5],[45.0,102.5],[45.0,111.0],[36.5,111.0],[28.5,111.0],[20.5,111.0],[12.0,111.0],[12.0,119.5],[12.0,127.5],[20.5,127.5],[28.5,127.5],[28.5,135.5],[28.5,144.0],[36.5,144.0],[45.0,144.0],[53.5,144.0],[61.5,144.0],[69.5,144.0],[78.0,144.0],[78.0,152.5],[78.0,160.5],[78.0,168.5],[78.0,177.0],[69.5,177.0],[61.5,177.0],[61.5,185.5],[61.5,193.5],[69.5,193.5],[78.0,193.5],[78.0,201.5],[78.0,210.0],[69.5,210.0],[61.5,210.0],[61.5,218.5],[61.5,226.5],[61.5,234.5],[61.5,243.0],[69.5,243.0],[78.0,243.0],[78.0,234.5],[78.0,226.5],[86.5,226.5],[94.5,226.5],[94.5,218.5],[94.5,210.0],[94.5,201.5],[94.5,193.5],[94.5,185.5],[94.5,177.0],[94.5,168.5],[94.5,160.5],[94.5,152.5],[94.5,144.0],[102.5,144.0],[111.0,144.0],[111.0,152.5],[111.0,160.5],[111.0,168.5],[111.0,177.0],[119.5,177.0],[127.5,177.0],[127.5,185.5],[127.5,193.5],[119.5,193.5],[111.0,193.5],[111.0,201.5],[111.0,210.0],[111.0,218.5],[111.0,226.5],[111.0,234.5],[111.0,243.0],[119.5,243.0],[127.5,243.0],[135.5,243.0],[144.0,243.0],[144.0,234.5],[144.0,226.5],[152.5,226.5],[160.5,226.5],[160.5,218.5],[160.5,210.0],[168.5,210.0],[177.0,210.0],[177.0,201.5],[177.0,193.5],[177.0,185.5],[177.0,177.0],[177.0,168.5],[177.0,160.5],[177.0,152.5],[177.0,144.0],[185.5,144.0],[193.5,144.0],[193.5,135.5],[193.5,127.5],[193.5,119.5],[193.5,111.0],[193.5,102.5],[193.5,94.5],[193.5,86.5],[193.5,78.0],[193.5,69.5],[193.5,61.5],[193.5,53.5],[193.5,45.0],[185.5,45.0],[177.0,45.0],[177.0,36.5],[177.0,28.5],[177.0,20.5],[177.0,12.0],[185.5,12.0],[193.5,12.0],[201.5,12.0],[210.0,12.0],[218.5,12.0],[226.5,12.0],[226.5,20.5],[226.5,28.5],[226.5,36.5],[226.5,45.0],[218.5,45.0],[210.0,45.0],[210.0,53.5],[210.0,61.5],[210.0,69.5],[210.0,78.0],[210.0,86.5],[210.0,94.5],[210.0,102.5],[210.0,111.0],[218.5,111.0],[226.5,111.0],[226.5,102.5],[226.5,94.5],[234.5,94.5],[243.0,94.5],[243.0,102.5],[243.0,111.0],[243.0,119.5],[243.0,127.5],[243.0,135.5],[243.0,144.0],[243.0,152.5],[243.0,160.5],[234.5,160.5],[226.5,160.5],[226.5,152.5],[226.5,144.0],[226.5,135.5],[226.5,127.5],[218.5,127.5],[210.0,127.5],[210.0,135.5],[210.0,144.0],[210.0,152.5],[210.0,160.5],[201.5,160.5],[193.5,160.5]]",2
/home/nvidia/users/ella/solve_a_maze_image/solve_a_maze_image/maze_data/maze_data_20260417_212507_736990/maze_043_size_31x31_seed_723993357/maze_31_31_723993357_DFS_final_step0166.png,"[[3.5,86.5],[12.0,86.5],[12.0,94.5],[20.5,94.5],[28.5,94.5],[36.5,94.5],[45.0,94.5],[45.0,102.5],[45.0,111.0],[36.5,111.0],[28.5,111.0],[20.5,111.0],[12.0,111.0],[12.0,119.5],[12.0,127.5],[20.5,127.5],[28.5,127.5],[28.5,135.5],[28.5,144.0],[36.5,144.0],[45.0,144.0],[53.5,144.0],[61.5,144.0],[69.5,144.0],[78.0,144.0],[78.0,152.5],[78.0,160.5],[78.0,168.5],[78.0,177.0],[69.5,177.0],[61.5,177.0],[61.5,185.5],[61.5,193.5],[69.5,193.5],[78.0,193.5],[78.0,201.5],[78.0,210.0],[69.5,210.0],[61.5,210.0],[61.5,218.5],[61.5,226.5],[61.5,234.5],[61.5,243.0],[69.5,243.0],[78.0,243.0],[78.0,234.5],[78.0,226.5],[86.5,226.5],[94.5,226.5],[94.5,218.5],[94.5,210.0],[94.5,201.5],[94.5,193.5],[94.5,185.5],[94.5,177.0],[94.5,168.5],[94.5,160.5],[94.5,152.5],[94.5,144.0],[102.5,144.0],[111.0,144.0],[111.0,152.5],[111.0,160.5],[111.0,168.5],[111.0,177.0],[119.5,177.0],[127.5,177.0],[127.5,185.5],[127.5,193.5],[119.5,193.5],[111.0,193.5],[111.0,201.5],[111.0,210.0],[111.0,218.5],[111.0,226.5],[111.0,234.5],[111.0,243.0],[119.5,243.0],[127.5,243.0],[135.5,243.0],[144.0,243.0],[144.0,234.5],[144.0,226.5],[152.5,226.5],[160.5,226.5],[160.5,218.5],[160.5,210.0],[168.5,210.0],[177.0,210.0],[177.0,201.5],[177.0,193.5],[177.0,185.5],[177.0,177.0],[177.0,168.5],[177.0,160.5],[177.0,152.5],[177.0,144.0],[185.5,144.0],[193.5,144.0],[193.5,135.5],[193.5,127.5],[193.5,119.5],[193.5,111.0],[193.5,102.5],[193.5,94.5],[193.5,86.5],[193.5,78.0],[193.5,69.5],[193.5,61.5],[193.5,53.5],[193.5,45.0],[185.5,45.0],[177.0,45.0],[177.0,36.5],[177.0,28.5],[177.0,20.5],[177.0,12.0],[185.5,12.0],[193.5,12.0],[201.5,12.0],[210.0,12.0],[218.5,12.0],[226.5,12.0],[226.5,20.5],[226.5,28.5],[226.5,36.5],[226.5,45.0],[218.5,45.0],[210.0,45.0],[210.0,53.5],[210.0,61.5],[210.0,69.5],[210.0,78.0],[210.0,86.5],[210.0,94.5],[210.0,102.5],[210.0,111.0],[218.5,111.0],[226.5,111.0],[226.5,102.5],[226.5,94.5],[234.5,94.5],[243.0,94.5],[243.0,102.5],[243.0,111.0],[243.0,119.5],[243.0,127.5],[243.0,135.5],[243.0,144.0],[243.0,152.5],[243.0,160.5],[234.5,160.5],[226.5,160.5],[226.5,152.5],[226.5,144.0],[226.5,135.5],[226.5,127.5],[218.5,127.5],[210.0,127.5],[210.0,135.5],[210.0,144.0],[210.0,152.5],[210.0,160.5],[201.5,160.5],[193.5,160.5],[193.5,168.5]]",2
/home/nvidia/users/ella/solve_a_maze_image/solve_a_maze_image/maze_data/maze_data_20260417_212507_736990/maze_043_size_31x31_seed_723993357/maze_31_31_723993357_DFS_final_step0167.png,"[[3.5,86.5],[12.0,86.5],[12.0,94.5],[20.5,94.5],[28.5,94.5],[36.5,94.5],[45.0,94.5],[45.0,102.5],[45.0,111.0],[36.5,111.0],[28.5,111.0],[20.5,111.0],[12.0,111.0],[12.0,119.5],[12.0,127.5],[20.5,127.5],[28.5,127.5],[28.5,135.5],[28.5,144.0],[36.5,144.0],[45.0,144.0],[53.5,144.0],[61.5,144.0],[69.5,144.0],[78.0,144.0],[78.0,152.5],[78.0,160.5],[78.0,168.5],[78.0,177.0],[69.5,177.0],[61.5,177.0],[61.5,185.5],[61.5,193.5],[69.5,193.5],[78.0,193.5],[78.0,201.5],[78.0,210.0],[69.5,210.0],[61.5,210.0],[61.5,218.5],[61.5,226.5],[61.5,234.5],[61.5,243.0],[69.5,243.0],[78.0,243.0],[78.0,234.5],[78.0,226.5],[86.5,226.5],[94.5,226.5],[94.5,218.5],[94.5,210.0],[94.5,201.5],[94.5,193.5],[94.5,185.5],[94.5,177.0],[94.5,168.5],[94.5,160.5],[94.5,152.5],[94.5,144.0],[102.5,144.0],[111.0,144.0],[111.0,152.5],[111.0,160.5],[111.0,168.5],[111.0,177.0],[119.5,177.0],[127.5,177.0],[127.5,185.5],[127.5,193.5],[119.5,193.5],[111.0,193.5],[111.0,201.5],[111.0,210.0],[111.0,218.5],[111.0,226.5],[111.0,234.5],[111.0,243.0],[119.5,243.0],[127.5,243.0],[135.5,243.0],[144.0,243.0],[144.0,234.5],[144.0,226.5],[152.5,226.5],[160.5,226.5],[160.5,218.5],[160.5,210.0],[168.5,210.0],[177.0,210.0],[177.0,201.5],[177.0,193.5],[177.0,185.5],[177.0,177.0],[177.0,168.5],[177.0,160.5],[177.0,152.5],[177.0,144.0],[185.5,144.0],[193.5,144.0],[193.5,135.5],[193.5,127.5],[193.5,119.5],[193.5,111.0],[193.5,102.5],[193.5,94.5],[193.5,86.5],[193.5,78.0],[193.5,69.5],[193.5,61.5],[193.5,53.5],[193.5,45.0],[185.5,45.0],[177.0,45.0],[177.0,36.5],[177.0,28.5],[177.0,20.5],[177.0,12.0],[185.5,12.0],[193.5,12.0],[201.5,12.0],[210.0,12.0],[218.5,12.0],[226.5,12.0],[226.5,20.5],[226.5,28.5],[226.5,36.5],[226.5,45.0],[218.5,45.0],[210.0,45.0],[210.0,53.5],[210.0,61.5],[210.0,69.5],[210.0,78.0],[210.0,86.5],[210.0,94.5],[210.0,102.5],[210.0,111.0],[218.5,111.0],[226.5,111.0],[226.5,102.5],[226.5,94.5],[234.5,94.5],[243.0,94.5],[243.0,102.5],[243.0,111.0],[243.0,119.5],[243.0,127.5],[243.0,135.5],[243.0,144.0],[243.0,152.5],[243.0,160.5],[234.5,160.5],[226.5,160.5],[226.5,152.5],[226.5,144.0],[226.5,135.5],[226.5,127.5],[218.5,127.5],[210.0,127.5],[210.0,135.5],[210.0,144.0],[210.0,152.5],[210.0,160.5],[201.5,160.5],[193.5,160.5],[193.5,168.5],[193.5,177.0]]",2
/home/nvidia/users/ella/solve_a_maze_image/solve_a_maze_image/maze_data/maze_data_20260417_212507_736990/maze_043_size_31x31_seed_723993357/maze_31_31_723993357_DFS_final_step0168.png,"[[3.5,86.5],[12.0,86.5],[12.0,94.5],[20.5,94.5],[28.5,94.5],[36.5,94.5],[45.0,94.5],[45.0,102.5],[45.0,111.0],[36.5,111.0],[28.5,111.0],[20.5,111.0],[12.0,111.0],[12.0,119.5],[12.0,127.5],[20.5,127.5],[28.5,127.5],[28.5,135.5],[28.5,144.0],[36.5,144.0],[45.0,144.0],[53.5,144.0],[61.5,144.0],[69.5,144.0],[78.0,144.0],[78.0,152.5],[78.0,160.5],[78.0,168.5],[78.0,177.0],[69.5,177.0],[61.5,177.0],[61.5,185.5],[61.5,193.5],[69.5,193.5],[78.0,193.5],[78.0,201.5],[78.0,210.0],[69.5,210.0],[61.5,210.0],[61.5,218.5],[61.5,226.5],[61.5,234.5],[61.5,243.0],[69.5,243.0],[78.0,243.0],[78.0,234.5],[78.0,226.5],[86.5,226.5],[94.5,226.5],[94.5,218.5],[94.5,210.0],[94.5,201.5],[94.5,193.5],[94.5,185.5],[94.5,177.0],[94.5,168.5],[94.5,160.5],[94.5,152.5],[94.5,144.0],[102.5,144.0],[111.0,144.0],[111.0,152.5],[111.0,160.5],[111.0,168.5],[111.0,177.0],[119.5,177.0],[127.5,177.0],[127.5,185.5],[127.5,193.5],[119.5,193.5],[111.0,193.5],[111.0,201.5],[111.0,210.0],[111.0,218.5],[111.0,226.5],[111.0,234.5],[111.0,243.0],[119.5,243.0],[127.5,243.0],[135.5,243.0],[144.0,243.0],[144.0,234.5],[144.0,226.5],[152.5,226.5],[160.5,226.5],[160.5,218.5],[160.5,210.0],[168.5,210.0],[177.0,210.0],[177.0,201.5],[177.0,193.5],[177.0,185.5],[177.0,177.0],[177.0,168.5],[177.0,160.5],[177.0,152.5],[177.0,144.0],[185.5,144.0],[193.5,144.0],[193.5,135.5],[193.5,127.5],[193.5,119.5],[193.5,111.0],[193.5,102.5],[193.5,94.5],[193.5,86.5],[193.5,78.0],[193.5,69.5],[193.5,61.5],[193.5,53.5],[193.5,45.0],[185.5,45.0],[177.0,45.0],[177.0,36.5],[177.0,28.5],[177.0,20.5],[177.0,12.0],[185.5,12.0],[193.5,12.0],[201.5,12.0],[210.0,12.0],[218.5,12.0],[226.5,12.0],[226.5,20.5],[226.5,28.5],[226.5,36.5],[226.5,45.0],[218.5,45.0],[210.0,45.0],[210.0,53.5],[210.0,61.5],[210.0,69.5],[210.0,78.0],[210.0,86.5],[210.0,94.5],[210.0,102.5],[210.0,111.0],[218.5,111.0],[226.5,111.0],[226.5,102.5],[226.5,94.5],[234.5,94.5],[243.0,94.5],[243.0,102.5],[243.0,111.0],[243.0,119.5],[243.0,127.5],[243.0,135.5],[243.0,144.0],[243.0,152.5],[243.0,160.5],[234.5,160.5],[226.5,160.5],[226.5,152.5],[226.5,144.0],[226.5,135.5],[226.5,127.5],[218.5,127.5],[210.0,127.5],[210.0,135.5],[210.0,144.0],[210.0,152.5],[210.0,160.5],[201.5,160.5],[193.5,160.5],[193.5,168.5],[193.5,177.0],[193.5,185.5]]",2
/home/nvidia/users/ella/solve_a_maze_image/solve_a_maze_image/maze_data/maze_data_20260417_212507_736990/maze_043_size_31x31_seed_723993357/maze_31_31_723993357_DFS_final_step0169.png,"[[3.5,86.5],[12.0,86.5],[12.0,94.5],[20.5,94.5],[28.5,94.5],[36.5,94.5],[45.0,94.5],[45.0,102.5],[45.0,111.0],[36.5,111.0],[28.5,111.0],[20.5,111.0],[12.0,111.0],[12.0,119.5],[12.0,127.5],[20.5,127.5],[28.5,127.5],[28.5,135.5],[28.5,144.0],[36.5,144.0],[45.0,144.0],[53.5,144.0],[61.5,144.0],[69.5,144.0],[78.0,144.0],[78.0,152.5],[78.0,160.5],[78.0,168.5],[78.0,177.0],[69.5,177.0],[61.5,177.0],[61.5,185.5],[61.5,193.5],[69.5,193.5],[78.0,193.5],[78.0,201.5],[78.0,210.0],[69.5,210.0],[61.5,210.0],[61.5,218.5],[61.5,226.5],[61.5,234.5],[61.5,243.0],[69.5,243.0],[78.0,243.0],[78.0,234.5],[78.0,226.5],[86.5,226.5],[94.5,226.5],[94.5,218.5],[94.5,210.0],[94.5,201.5],[94.5,193.5],[94.5,185.5],[94.5,177.0],[94.5,168.5],[94.5,160.5],[94.5,152.5],[94.5,144.0],[102.5,144.0],[111.0,144.0],[111.0,152.5],[111.0,160.5],[111.0,168.5],[111.0,177.0],[119.5,177.0],[127.5,177.0],[127.5,185.5],[127.5,193.5],[119.5,193.5],[111.0,193.5],[111.0,201.5],[111.0,210.0],[111.0,218.5],[111.0,226.5],[111.0,234.5],[111.0,243.0],[119.5,243.0],[127.5,243.0],[135.5,243.0],[144.0,243.0],[144.0,234.5],[144.0,226.5],[152.5,226.5],[160.5,226.5],[160.5,218.5],[160.5,210.0],[168.5,210.0],[177.0,210.0],[177.0,201.5],[177.0,193.5],[177.0,185.5],[177.0,177.0],[177.0,168.5],[177.0,160.5],[177.0,152.5],[177.0,144.0],[185.5,144.0],[193.5,144.0],[193.5,135.5],[193.5,127.5],[193.5,119.5],[193.5,111.0],[193.5,102.5],[193.5,94.5],[193.5,86.5],[193.5,78.0],[193.5,69.5],[193.5,61.5],[193.5,53.5],[193.5,45.0],[185.5,45.0],[177.0,45.0],[177.0,36.5],[177.0,28.5],[177.0,20.5],[177.0,12.0],[185.5,12.0],[193.5,12.0],[201.5,12.0],[210.0,12.0],[218.5,12.0],[226.5,12.0],[226.5,20.5],[226.5,28.5],[226.5,36.5],[226.5,45.0],[218.5,45.0],[210.0,45.0],[210.0,53.5],[210.0,61.5],[210.0,69.5],[210.0,78.0],[210.0,86.5],[210.0,94.5],[210.0,102.5],[210.0,111.0],[218.5,111.0],[226.5,111.0],[226.5,102.5],[226.5,94.5],[234.5,94.5],[243.0,94.5],[243.0,102.5],[243.0,111.0],[243.0,119.5],[243.0,127.5],[243.0,135.5],[243.0,144.0],[243.0,152.5],[243.0,160.5],[234.5,160.5],[226.5,160.5],[226.5,152.5],[226.5,144.0],[226.5,135.5],[226.5,127.5],[218.5,127.5],[210.0,127.5],[210.0,135.5],[210.0,144.0],[210.0,152.5],[210.0,160.5],[201.5,160.5],[193.5,160.5],[193.5,168.5],[193.5,177.0],[193.5,185.5],[193.5,193.5]]",2
/home/nvidia/users/ella/solve_a_maze_image/solve_a_maze_image/maze_data/maze_data_20260417_212507_736990/maze_043_size_31x31_seed_723993357/maze_31_31_723993357_DFS_final_step0170.png,"[[3.5,86.5],[12.0,86.5],[12.0,94.5],[20.5,94.5],[28.5,94.5],[36.5,94.5],[45.0,94.5],[45.0,102.5],[45.0,111.0],[36.5,111.0],[28.5,111.0],[20.5,111.0],[12.0,111.0],[12.0,119.5],[12.0,127.5],[20.5,127.5],[28.5,127.5],[28.5,135.5],[28.5,144.0],[36.5,144.0],[45.0,144.0],[53.5,144.0],[61.5,144.0],[69.5,144.0],[78.0,144.0],[78.0,152.5],[78.0,160.5],[78.0,168.5],[78.0,177.0],[69.5,177.0],[61.5,177.0],[61.5,185.5],[61.5,193.5],[69.5,193.5],[78.0,193.5],[78.0,201.5],[78.0,210.0],[69.5,210.0],[61.5,210.0],[61.5,218.5],[61.5,226.5],[61.5,234.5],[61.5,243.0],[69.5,243.0],[78.0,243.0],[78.0,234.5],[78.0,226.5],[86.5,226.5],[94.5,226.5],[94.5,218.5],[94.5,210.0],[94.5,201.5],[94.5,193.5],[94.5,185.5],[94.5,177.0],[94.5,168.5],[94.5,160.5],[94.5,152.5],[94.5,144.0],[102.5,144.0],[111.0,144.0],[111.0,152.5],[111.0,160.5],[111.0,168.5],[111.0,177.0],[119.5,177.0],[127.5,177.0],[127.5,185.5],[127.5,193.5],[119.5,193.5],[111.0,193.5],[111.0,201.5],[111.0,210.0],[111.0,218.5],[111.0,226.5],[111.0,234.5],[111.0,243.0],[119.5,243.0],[127.5,243.0],[135.5,243.0],[144.0,243.0],[144.0,234.5],[144.0,226.5],[152.5,226.5],[160.5,226.5],[160.5,218.5],[160.5,210.0],[168.5,210.0],[177.0,210.0],[177.0,201.5],[177.0,193.5],[177.0,185.5],[177.0,177.0],[177.0,168.5],[177.0,160.5],[177.0,152.5],[177.0,144.0],[185.5,144.0],[193.5,144.0],[193.5,135.5],[193.5,127.5],[193.5,119.5],[193.5,111.0],[193.5,102.5],[193.5,94.5],[193.5,86.5],[193.5,78.0],[193.5,69.5],[193.5,61.5],[193.5,53.5],[193.5,45.0],[185.5,45.0],[177.0,45.0],[177.0,36.5],[177.0,28.5],[177.0,20.5],[177.0,12.0],[185.5,12.0],[193.5,12.0],[201.5,12.0],[210.0,12.0],[218.5,12.0],[226.5,12.0],[226.5,20.5],[226.5,28.5],[226.5,36.5],[226.5,45.0],[218.5,45.0],[210.0,45.0],[210.0,53.5],[210.0,61.5],[210.0,69.5],[210.0,78.0],[210.0,86.5],[210.0,94.5],[210.0,102.5],[210.0,111.0],[218.5,111.0],[226.5,111.0],[226.5,102.5],[226.5,94.5],[234.5,94.5],[243.0,94.5],[243.0,102.5],[243.0,111.0],[243.0,119.5],[243.0,127.5],[243.0,135.5],[243.0,144.0],[243.0,152.5],[243.0,160.5],[234.5,160.5],[226.5,160.5],[226.5,152.5],[226.5,144.0],[226.5,135.5],[226.5,127.5],[218.5,127.5],[210.0,127.5],[210.0,135.5],[210.0,144.0],[210.0,152.5],[210.0,160.5],[201.5,160.5],[193.5,160.5],[193.5,168.5],[193.5,177.0],[193.5,185.5],[193.5,193.5],[201.5,193.5]]",2
/home/nvidia/users/ella/solve_a_maze_image/solve_a_maze_image/maze_data/maze_data_20260417_212507_736990/maze_043_size_31x31_seed_723993357/maze_31_31_723993357_DFS_final_step0171.png,"[[3.5,86.5],[12.0,86.5],[12.0,94.5],[20.5,94.5],[28.5,94.5],[36.5,94.5],[45.0,94.5],[45.0,102.5],[45.0,111.0],[36.5,111.0],[28.5,111.0],[20.5,111.0],[12.0,111.0],[12.0,119.5],[12.0,127.5],[20.5,127.5],[28.5,127.5],[28.5,135.5],[28.5,144.0],[36.5,144.0],[45.0,144.0],[53.5,144.0],[61.5,144.0],[69.5,144.0],[78.0,144.0],[78.0,152.5],[78.0,160.5],[78.0,168.5],[78.0,177.0],[69.5,177.0],[61.5,177.0],[61.5,185.5],[61.5,193.5],[69.5,193.5],[78.0,193.5],[78.0,201.5],[78.0,210.0],[69.5,210.0],[61.5,210.0],[61.5,218.5],[61.5,226.5],[61.5,234.5],[61.5,243.0],[69.5,243.0],[78.0,243.0],[78.0,234.5],[78.0,226.5],[86.5,226.5],[94.5,226.5],[94.5,218.5],[94.5,210.0],[94.5,201.5],[94.5,193.5],[94.5,185.5],[94.5,177.0],[94.5,168.5],[94.5,160.5],[94.5,152.5],[94.5,144.0],[102.5,144.0],[111.0,144.0],[111.0,152.5],[111.0,160.5],[111.0,168.5],[111.0,177.0],[119.5,177.0],[127.5,177.0],[127.5,185.5],[127.5,193.5],[119.5,193.5],[111.0,193.5],[111.0,201.5],[111.0,210.0],[111.0,218.5],[111.0,226.5],[111.0,234.5],[111.0,243.0],[119.5,243.0],[127.5,243.0],[135.5,243.0],[144.0,243.0],[144.0,234.5],[144.0,226.5],[152.5,226.5],[160.5,226.5],[160.5,218.5],[160.5,210.0],[168.5,210.0],[177.0,210.0],[177.0,201.5],[177.0,193.5],[177.0,185.5],[177.0,177.0],[177.0,168.5],[177.0,160.5],[177.0,152.5],[177.0,144.0],[185.5,144.0],[193.5,144.0],[193.5,135.5],[193.5,127.5],[193.5,119.5],[193.5,111.0],[193.5,102.5],[193.5,94.5],[193.5,86.5],[193.5,78.0],[193.5,69.5],[193.5,61.5],[193.5,53.5],[193.5,45.0],[185.5,45.0],[177.0,45.0],[177.0,36.5],[177.0,28.5],[177.0,20.5],[177.0,12.0],[185.5,12.0],[193.5,12.0],[201.5,12.0],[210.0,12.0],[218.5,12.0],[226.5,12.0],[226.5,20.5],[226.5,28.5],[226.5,36.5],[226.5,45.0],[218.5,45.0],[210.0,45.0],[210.0,53.5],[210.0,61.5],[210.0,69.5],[210.0,78.0],[210.0,86.5],[210.0,94.5],[210.0,102.5],[210.0,111.0],[218.5,111.0],[226.5,111.0],[226.5,102.5],[226.5,94.5],[234.5,94.5],[243.0,94.5],[243.0,102.5],[243.0,111.0],[243.0,119.5],[243.0,127.5],[243.0,135.5],[243.0,144.0],[243.0,152.5],[243.0,160.5],[234.5,160.5],[226.5,160.5],[226.5,152.5],[226.5,144.0],[226.5,135.5],[226.5,127.5],[218.5,127.5],[210.0,127.5],[210.0,135.5],[210.0,144.0],[210.0,152.5],[210.0,160.5],[201.5,160.5],[193.5,160.5],[193.5,168.5],[193.5,177.0],[193.5,185.5],[193.5,193.5],[201.5,193.5],[210.0,193.5]]",2
/home/nvidia/users/ella/solve_a_maze_image/solve_a_maze_image/maze_data/maze_data_20260417_212507_736990/maze_043_size_31x31_seed_723993357/maze_31_31_723993357_DFS_final_step0172.png,"[[3.5,86.5],[12.0,86.5],[12.0,94.5],[20.5,94.5],[28.5,94.5],[36.5,94.5],[45.0,94.5],[45.0,102.5],[45.0,111.0],[36.5,111.0],[28.5,111.0],[20.5,111.0],[12.0,111.0],[12.0,119.5],[12.0,127.5],[20.5,127.5],[28.5,127.5],[28.5,135.5],[28.5,144.0],[36.5,144.0],[45.0,144.0],[53.5,144.0],[61.5,144.0],[69.5,144.0],[78.0,144.0],[78.0,152.5],[78.0,160.5],[78.0,168.5],[78.0,177.0],[69.5,177.0],[61.5,177.0],[61.5,185.5],[61.5,193.5],[69.5,193.5],[78.0,193.5],[78.0,201.5],[78.0,210.0],[69.5,210.0],[61.5,210.0],[61.5,218.5],[61.5,226.5],[61.5,234.5],[61.5,243.0],[69.5,243.0],[78.0,243.0],[78.0,234.5],[78.0,226.5],[86.5,226.5],[94.5,226.5],[94.5,218.5],[94.5,210.0],[94.5,201.5],[94.5,193.5],[94.5,185.5],[94.5,177.0],[94.5,168.5],[94.5,160.5],[94.5,152.5],[94.5,144.0],[102.5,144.0],[111.0,144.0],[111.0,152.5],[111.0,160.5],[111.0,168.5],[111.0,177.0],[119.5,177.0],[127.5,177.0],[127.5,185.5],[127.5,193.5],[119.5,193.5],[111.0,193.5],[111.0,201.5],[111.0,210.0],[111.0,218.5],[111.0,226.5],[111.0,234.5],[111.0,243.0],[119.5,243.0],[127.5,243.0],[135.5,243.0],[144.0,243.0],[144.0,234.5],[144.0,226.5],[152.5,226.5],[160.5,226.5],[160.5,218.5],[160.5,210.0],[168.5,210.0],[177.0,210.0],[177.0,201.5],[177.0,193.5],[177.0,185.5],[177.0,177.0],[177.0,168.5],[177.0,160.5],[177.0,152.5],[177.0,144.0],[185.5,144.0],[193.5,144.0],[193.5,135.5],[193.5,127.5],[193.5,119.5],[193.5,111.0],[193.5,102.5],[193.5,94.5],[193.5,86.5],[193.5,78.0],[193.5,69.5],[193.5,61.5],[193.5,53.5],[193.5,45.0],[185.5,45.0],[177.0,45.0],[177.0,36.5],[177.0,28.5],[177.0,20.5],[177.0,12.0],[185.5,12.0],[193.5,12.0],[201.5,12.0],[210.0,12.0],[218.5,12.0],[226.5,12.0],[226.5,20.5],[226.5,28.5],[226.5,36.5],[226.5,45.0],[218.5,45.0],[210.0,45.0],[210.0,53.5],[210.0,61.5],[210.0,69.5],[210.0,78.0],[210.0,86.5],[210.0,94.5],[210.0,102.5],[210.0,111.0],[218.5,111.0],[226.5,111.0],[226.5,102.5],[226.5,94.5],[234.5,94.5],[243.0,94.5],[243.0,102.5],[243.0,111.0],[243.0,119.5],[243.0,127.5],[243.0,135.5],[243.0,144.0],[243.0,152.5],[243.0,160.5],[234.5,160.5],[226.5,160.5],[226.5,152.5],[226.5,144.0],[226.5,135.5],[226.5,127.5],[218.5,127.5],[210.0,127.5],[210.0,135.5],[210.0,144.0],[210.0,152.5],[210.0,160.5],[201.5,160.5],[193.5,160.5],[193.5,168.5],[193.5,177.0],[193.5,185.5],[193.5,193.5],[201.5,193.5],[210.0,193.5],[218.5,193.5]]",2
/home/nvidia/users/ella/solve_a_maze_image/solve_a_maze_image/maze_data/maze_data_20260417_212507_736990/maze_043_size_31x31_seed_723993357/maze_31_31_723993357_DFS_final_step0173.png,"[[3.5,86.5],[12.0,86.5],[12.0,94.5],[20.5,94.5],[28.5,94.5],[36.5,94.5],[45.0,94.5],[45.0,102.5],[45.0,111.0],[36.5,111.0],[28.5,111.0],[20.5,111.0],[12.0,111.0],[12.0,119.5],[12.0,127.5],[20.5,127.5],[28.5,127.5],[28.5,135.5],[28.5,144.0],[36.5,144.0],[45.0,144.0],[53.5,144.0],[61.5,144.0],[69.5,144.0],[78.0,144.0],[78.0,152.5],[78.0,160.5],[78.0,168.5],[78.0,177.0],[69.5,177.0],[61.5,177.0],[61.5,185.5],[61.5,193.5],[69.5,193.5],[78.0,193.5],[78.0,201.5],[78.0,210.0],[69.5,210.0],[61.5,210.0],[61.5,218.5],[61.5,226.5],[61.5,234.5],[61.5,243.0],[69.5,243.0],[78.0,243.0],[78.0,234.5],[78.0,226.5],[86.5,226.5],[94.5,226.5],[94.5,218.5],[94.5,210.0],[94.5,201.5],[94.5,193.5],[94.5,185.5],[94.5,177.0],[94.5,168.5],[94.5,160.5],[94.5,152.5],[94.5,144.0],[102.5,144.0],[111.0,144.0],[111.0,152.5],[111.0,160.5],[111.0,168.5],[111.0,177.0],[119.5,177.0],[127.5,177.0],[127.5,185.5],[127.5,193.5],[119.5,193.5],[111.0,193.5],[111.0,201.5],[111.0,210.0],[111.0,218.5],[111.0,226.5],[111.0,234.5],[111.0,243.0],[119.5,243.0],[127.5,243.0],[135.5,243.0],[144.0,243.0],[144.0,234.5],[144.0,226.5],[152.5,226.5],[160.5,226.5],[160.5,218.5],[160.5,210.0],[168.5,210.0],[177.0,210.0],[177.0,201.5],[177.0,193.5],[177.0,185.5],[177.0,177.0],[177.0,168.5],[177.0,160.5],[177.0,152.5],[177.0,144.0],[185.5,144.0],[193.5,144.0],[193.5,135.5],[193.5,127.5],[193.5,119.5],[193.5,111.0],[193.5,102.5],[193.5,94.5],[193.5,86.5],[193.5,78.0],[193.5,69.5],[193.5,61.5],[193.5,53.5],[193.5,45.0],[185.5,45.0],[177.0,45.0],[177.0,36.5],[177.0,28.5],[177.0,20.5],[177.0,12.0],[185.5,12.0],[193.5,12.0],[201.5,12.0],[210.0,12.0],[218.5,12.0],[226.5,12.0],[226.5,20.5],[226.5,28.5],[226.5,36.5],[226.5,45.0],[218.5,45.0],[210.0,45.0],[210.0,53.5],[210.0,61.5],[210.0,69.5],[210.0,78.0],[210.0,86.5],[210.0,94.5],[210.0,102.5],[210.0,111.0],[218.5,111.0],[226.5,111.0],[226.5,102.5],[226.5,94.5],[234.5,94.5],[243.0,94.5],[243.0,102.5],[243.0,111.0],[243.0,119.5],[243.0,127.5],[243.0,135.5],[243.0,144.0],[243.0,152.5],[243.0,160.5],[234.5,160.5],[226.5,160.5],[226.5,152.5],[226.5,144.0],[226.5,135.5],[226.5,127.5],[218.5,127.5],[210.0,127.5],[210.0,135.5],[210.0,144.0],[210.0,152.5],[210.0,160.5],[201.5,160.5],[193.5,160.5],[193.5,168.5],[193.5,177.0],[193.5,185.5],[193.5,193.5],[201.5,193.5],[210.0,193.5],[218.5,193.5],[226.5,193.5]]",2
/home/nvidia/users/ella/solve_a_maze_image/solve_a_maze_image/maze_data/maze_data_20260417_212507_736990/maze_043_size_31x31_seed_723993357/maze_31_31_723993357_DFS_final_step0174.png,"[[3.5,86.5],[12.0,86.5],[12.0,94.5],[20.5,94.5],[28.5,94.5],[36.5,94.5],[45.0,94.5],[45.0,102.5],[45.0,111.0],[36.5,111.0],[28.5,111.0],[20.5,111.0],[12.0,111.0],[12.0,119.5],[12.0,127.5],[20.5,127.5],[28.5,127.5],[28.5,135.5],[28.5,144.0],[36.5,144.0],[45.0,144.0],[53.5,144.0],[61.5,144.0],[69.5,144.0],[78.0,144.0],[78.0,152.5],[78.0,160.5],[78.0,168.5],[78.0,177.0],[69.5,177.0],[61.5,177.0],[61.5,185.5],[61.5,193.5],[69.5,193.5],[78.0,193.5],[78.0,201.5],[78.0,210.0],[69.5,210.0],[61.5,210.0],[61.5,218.5],[61.5,226.5],[61.5,234.5],[61.5,243.0],[69.5,243.0],[78.0,243.0],[78.0,234.5],[78.0,226.5],[86.5,226.5],[94.5,226.5],[94.5,218.5],[94.5,210.0],[94.5,201.5],[94.5,193.5],[94.5,185.5],[94.5,177.0],[94.5,168.5],[94.5,160.5],[94.5,152.5],[94.5,144.0],[102.5,144.0],[111.0,144.0],[111.0,152.5],[111.0,160.5],[111.0,168.5],[111.0,177.0],[119.5,177.0],[127.5,177.0],[127.5,185.5],[127.5,193.5],[119.5,193.5],[111.0,193.5],[111.0,201.5],[111.0,210.0],[111.0,218.5],[111.0,226.5],[111.0,234.5],[111.0,243.0],[119.5,243.0],[127.5,243.0],[135.5,243.0],[144.0,243.0],[144.0,234.5],[144.0,226.5],[152.5,226.5],[160.5,226.5],[160.5,218.5],[160.5,210.0],[168.5,210.0],[177.0,210.0],[177.0,201.5],[177.0,193.5],[177.0,185.5],[177.0,177.0],[177.0,168.5],[177.0,160.5],[177.0,152.5],[177.0,144.0],[185.5,144.0],[193.5,144.0],[193.5,135.5],[193.5,127.5],[193.5,119.5],[193.5,111.0],[193.5,102.5],[193.5,94.5],[193.5,86.5],[193.5,78.0],[193.5,69.5],[193.5,61.5],[193.5,53.5],[193.5,45.0],[185.5,45.0],[177.0,45.0],[177.0,36.5],[177.0,28.5],[177.0,20.5],[177.0,12.0],[185.5,12.0],[193.5,12.0],[201.5,12.0],[210.0,12.0],[218.5,12.0],[226.5,12.0],[226.5,20.5],[226.5,28.5],[226.5,36.5],[226.5,45.0],[218.5,45.0],[210.0,45.0],[210.0,53.5],[210.0,61.5],[210.0,69.5],[210.0,78.0],[210.0,86.5],[210.0,94.5],[210.0,102.5],[210.0,111.0],[218.5,111.0],[226.5,111.0],[226.5,102.5],[226.5,94.5],[234.5,94.5],[243.0,94.5],[243.0,102.5],[243.0,111.0],[243.0,119.5],[243.0,127.5],[243.0,135.5],[243.0,144.0],[243.0,152.5],[243.0,160.5],[234.5,160.5],[226.5,160.5],[226.5,152.5],[226.5,144.0],[226.5,135.5],[226.5,127.5],[218.5,127.5],[210.0,127.5],[210.0,135.5],[210.0,144.0],[210.0,152.5],[210.0,160.5],[201.5,160.5],[193.5,160.5],[193.5,168.5],[193.5,177.0],[193.5,185.5],[193.5,193.5],[201.5,193.5],[210.0,193.5],[218.5,193.5],[226.5,193.5],[234.5,193.5]]",2
/home/nvidia/users/ella/solve_a_maze_image/solve_a_maze_image/maze_data/maze_data_20260417_212507_736990/maze_043_size_31x31_seed_723993357/maze_31_31_723993357_DFS_final_step0175.png,"[[3.5,86.5],[12.0,86.5],[12.0,94.5],[20.5,94.5],[28.5,94.5],[36.5,94.5],[45.0,94.5],[45.0,102.5],[45.0,111.0],[36.5,111.0],[28.5,111.0],[20.5,111.0],[12.0,111.0],[12.0,119.5],[12.0,127.5],[20.5,127.5],[28.5,127.5],[28.5,135.5],[28.5,144.0],[36.5,144.0],[45.0,144.0],[53.5,144.0],[61.5,144.0],[69.5,144.0],[78.0,144.0],[78.0,152.5],[78.0,160.5],[78.0,168.5],[78.0,177.0],[69.5,177.0],[61.5,177.0],[61.5,185.5],[61.5,193.5],[69.5,193.5],[78.0,193.5],[78.0,201.5],[78.0,210.0],[69.5,210.0],[61.5,210.0],[61.5,218.5],[61.5,226.5],[61.5,234.5],[61.5,243.0],[69.5,243.0],[78.0,243.0],[78.0,234.5],[78.0,226.5],[86.5,226.5],[94.5,226.5],[94.5,218.5],[94.5,210.0],[94.5,201.5],[94.5,193.5],[94.5,185.5],[94.5,177.0],[94.5,168.5],[94.5,160.5],[94.5,152.5],[94.5,144.0],[102.5,144.0],[111.0,144.0],[111.0,152.5],[111.0,160.5],[111.0,168.5],[111.0,177.0],[119.5,177.0],[127.5,177.0],[127.5,185.5],[127.5,193.5],[119.5,193.5],[111.0,193.5],[111.0,201.5],[111.0,210.0],[111.0,218.5],[111.0,226.5],[111.0,234.5],[111.0,243.0],[119.5,243.0],[127.5,243.0],[135.5,243.0],[144.0,243.0],[144.0,234.5],[144.0,226.5],[152.5,226.5],[160.5,226.5],[160.5,218.5],[160.5,210.0],[168.5,210.0],[177.0,210.0],[177.0,201.5],[177.0,193.5],[177.0,185.5],[177.0,177.0],[177.0,168.5],[177.0,160.5],[177.0,152.5],[177.0,144.0],[185.5,144.0],[193.5,144.0],[193.5,135.5],[193.5,127.5],[193.5,119.5],[193.5,111.0],[193.5,102.5],[193.5,94.5],[193.5,86.5],[193.5,78.0],[193.5,69.5],[193.5,61.5],[193.5,53.5],[193.5,45.0],[185.5,45.0],[177.0,45.0],[177.0,36.5],[177.0,28.5],[177.0,20.5],[177.0,12.0],[185.5,12.0],[193.5,12.0],[201.5,12.0],[210.0,12.0],[218.5,12.0],[226.5,12.0],[226.5,20.5],[226.5,28.5],[226.5,36.5],[226.5,45.0],[218.5,45.0],[210.0,45.0],[210.0,53.5],[210.0,61.5],[210.0,69.5],[210.0,78.0],[210.0,86.5],[210.0,94.5],[210.0,102.5],[210.0,111.0],[218.5,111.0],[226.5,111.0],[226.5,102.5],[226.5,94.5],[234.5,94.5],[243.0,94.5],[243.0,102.5],[243.0,111.0],[243.0,119.5],[243.0,127.5],[243.0,135.5],[243.0,144.0],[243.0,152.5],[243.0,160.5],[234.5,160.5],[226.5,160.5],[226.5,152.5],[226.5,144.0],[226.5,135.5],[226.5,127.5],[218.5,127.5],[210.0,127.5],[210.0,135.5],[210.0,144.0],[210.0,152.5],[210.0,160.5],[201.5,160.5],[193.5,160.5],[193.5,168.5],[193.5,177.0],[193.5,185.5],[193.5,193.5],[201.5,193.5],[210.0,193.5],[218.5,193.5],[226.5,193.5],[234.5,193.5],[243.0,193.5]]",2
/home/nvidia/users/ella/solve_a_maze_image/solve_a_maze_image/maze_data/maze_data_20260417_212507_736990/maze_043_size_31x31_seed_723993357/maze_31_31_723993357_DFS_final_step0176.png,"[[3.5,86.5],[12.0,86.5],[12.0,94.5],[20.5,94.5],[28.5,94.5],[36.5,94.5],[45.0,94.5],[45.0,102.5],[45.0,111.0],[36.5,111.0],[28.5,111.0],[20.5,111.0],[12.0,111.0],[12.0,119.5],[12.0,127.5],[20.5,127.5],[28.5,127.5],[28.5,135.5],[28.5,144.0],[36.5,144.0],[45.0,144.0],[53.5,144.0],[61.5,144.0],[69.5,144.0],[78.0,144.0],[78.0,152.5],[78.0,160.5],[78.0,168.5],[78.0,177.0],[69.5,177.0],[61.5,177.0],[61.5,185.5],[61.5,193.5],[69.5,193.5],[78.0,193.5],[78.0,201.5],[78.0,210.0],[69.5,210.0],[61.5,210.0],[61.5,218.5],[61.5,226.5],[61.5,234.5],[61.5,243.0],[69.5,243.0],[78.0,243.0],[78.0,234.5],[78.0,226.5],[86.5,226.5],[94.5,226.5],[94.5,218.5],[94.5,210.0],[94.5,201.5],[94.5,193.5],[94.5,185.5],[94.5,177.0],[94.5,168.5],[94.5,160.5],[94.5,152.5],[94.5,144.0],[102.5,144.0],[111.0,144.0],[111.0,152.5],[111.0,160.5],[111.0,168.5],[111.0,177.0],[119.5,177.0],[127.5,177.0],[127.5,185.5],[127.5,193.5],[119.5,193.5],[111.0,193.5],[111.0,201.5],[111.0,210.0],[111.0,218.5],[111.0,226.5],[111.0,234.5],[111.0,243.0],[119.5,243.0],[127.5,243.0],[135.5,243.0],[144.0,243.0],[144.0,234.5],[144.0,226.5],[152.5,226.5],[160.5,226.5],[160.5,218.5],[160.5,210.0],[168.5,210.0],[177.0,210.0],[177.0,201.5],[177.0,193.5],[177.0,185.5],[177.0,177.0],[177.0,168.5],[177.0,160.5],[177.0,152.5],[177.0,144.0],[185.5,144.0],[193.5,144.0],[193.5,135.5],[193.5,127.5],[193.5,119.5],[193.5,111.0],[193.5,102.5],[193.5,94.5],[193.5,86.5],[193.5,78.0],[193.5,69.5],[193.5,61.5],[193.5,53.5],[193.5,45.0],[185.5,45.0],[177.0,45.0],[177.0,36.5],[177.0,28.5],[177.0,20.5],[177.0,12.0],[185.5,12.0],[193.5,12.0],[201.5,12.0],[210.0,12.0],[218.5,12.0],[226.5,12.0],[226.5,20.5],[226.5,28.5],[226.5,36.5],[226.5,45.0],[218.5,45.0],[210.0,45.0],[210.0,53.5],[210.0,61.5],[210.0,69.5],[210.0,78.0],[210.0,86.5],[210.0,94.5],[210.0,102.5],[210.0,111.0],[218.5,111.0],[226.5,111.0],[226.5,102.5],[226.5,94.5],[234.5,94.5],[243.0,94.5],[243.0,102.5],[243.0,111.0],[243.0,119.5],[243.0,127.5],[243.0,135.5],[243.0,144.0],[243.0,152.5],[243.0,160.5],[234.5,160.5],[226.5,160.5],[226.5,152.5],[226.5,144.0],[226.5,135.5],[226.5,127.5],[218.5,127.5],[210.0,127.5],[210.0,135.5],[210.0,144.0],[210.0,152.5],[210.0,160.5],[201.5,160.5],[193.5,160.5],[193.5,168.5],[193.5,177.0],[193.5,185.5],[193.5,193.5],[201.5,193.5],[210.0,193.5],[218.5,193.5],[226.5,193.5],[234.5,193.5],[243.0,193.5],[251.5,193.5]]",2
